#chrom	genomicpos	deaminated	total	bedcoord
1	10471	0	2	1_10471_10472_+
1	10484	0	1	1_10484_10485_+
1	10497	0	4	1_10497_10498_+
1	10525	0	6	1_10525_10526_+
1	10563	0	2	1_10563_10564_+
1	10571	0	1	1_10571_10572_+
1	17478	0	3	1_17478_17479_+
1	17483	0	3	1_17483_17484_+
1	17492	0	6	1_17492_17493_+
1	102988	0	2	1_102988_102989_+
1	135178	0	2	1_135178_135179_+
1	135207	0	1	1_135207_135208_+
1	135217	0	2	1_135217_135218_+
1	139073	0	1	1_139073_139074_+
1	229621	0	1	1_229621_229622_+
1	233450	0	2	1_233450_233451_+
1	235122	0	1	1_235122_235123_+
1	324768	0	1	1_324768_324769_+
1	324771	0	1	1_324771_324772_+
1	414115	0	1	1_414115_414116_+
1	525463	0	1	1_525463_525464_+
1	526061	0	7	1_526061_526062_+
1	526065	1	9	1_526065_526066_+
1	526714	0	1	1_526714_526715_+
1	533220	0	1	1_533220_533221_+
1	534329	0	1	1_534329_534330_+
1	534343	0	1	1_534343_534344_+
1	534360	0	1	1_534360_534361_+
1	540750	0	1	1_540750_540751_+
1	540825	0	1	1_540825_540826_+
1	540827	0	1	1_540827_540828_+
1	562049	0	1	1_562049_562050_+
1	564471	1	2	1_564471_564472_+
1	564895	0	2	1_564895_564896_+
1	564925	0	1	1_564925_564926_+
1	566813	0	2	1_566813_566814_+
1	566995	0	1	1_566995_566996_+
1	567014	0	1	1_567014_567015_+
1	567501	3	7	1_567501_567502_+
1	568400	0	1	1_568400_568401_+
1	568409	0	2	1_568409_568410_+
1	568698	0	1	1_568698_568699_+
1	568715	1	2	1_568715_568716_+
1	569081	0	2	1_569081_569082_+
1	569271	0	1	1_569271_569272_+
1	569693	0	1	1_569693_569694_+
1	570037	0	1	1_570037_570038_+
1	586218	0	2	1_586218_586219_+
1	604103	0	1	1_604103_604104_+
1	637725	0	2	1_637725_637726_+
1	637754	0	2	1_637754_637755_+
1	700490	0	5	1_700490_700491_+
1	705870	0	2	1_705870_705871_+
1	705907	0	2	1_705907_705908_+
1	707095	0	2	1_707095_707096_+
1	710190	0	2	1_710190_710191_+
1	712545	0	3	1_712545_712546_+
1	712987	0	2	1_712987_712988_+
1	712995	0	1	1_712995_712996_+
1	713252	0	2	1_713252_713253_+
1	713293	0	1	1_713293_713294_+
1	713901	0	1	1_713901_713902_+
1	713921	0	3	1_713921_713922_+
1	713985	0	3	1_713985_713986_+
1	714012	0	1	1_714012_714013_+
1	714021	0	1	1_714021_714022_+
1	714049	0	1	1_714049_714050_+
1	714052	0	1	1_714052_714053_+
1	714060	0	1	1_714060_714061_+
1	714071	0	2	1_714071_714072_+
1	714076	0	2	1_714076_714077_+
1	714083	0	1	1_714083_714084_+
1	714096	0	5	1_714096_714097_+
1	714137	0	4	1_714137_714138_+
1	714139	0	4	1_714139_714140_+
1	714167	0	1	1_714167_714168_+
1	714169	0	1	1_714169_714170_+
1	714239	0	1	1_714239_714240_+
1	714254	0	2	1_714254_714255_+
1	714258	0	2	1_714258_714259_+
1	714261	0	4	1_714261_714262_+
1	714264	0	4	1_714264_714265_+
1	714292	0	2	1_714292_714293_+
1	714300	0	2	1_714300_714301_+
1	714307	0	1	1_714307_714308_+
1	714526	0	1	1_714526_714527_+
1	714532	0	1	1_714532_714533_+
1	714660	0	2	1_714660_714661_+
1	715110	0	1	1_715110_715111_+
1	715121	0	3	1_715121_715122_+
1	715250	0	3	1_715250_715251_+
1	715277	1	4	1_715277_715278_+
1	715283	0	2	1_715283_715284_+
1	715389	0	2	1_715389_715390_+
1	715391	0	2	1_715391_715392_+
1	715414	0	3	1_715414_715415_+
1	716050	0	2	1_716050_716051_+
1	716058	0	1	1_716058_716059_+
1	716092	0	1	1_716092_716093_+
1	717601	0	4	1_717601_717602_+
1	718572	0	1	1_718572_718573_+
1	723701	0	2	1_723701_723702_+
1	723837	1	2	1_723837_723838_+
1	724240	0	2	1_724240_724241_+
1	724246	0	5	1_724246_724247_+
1	724260	0	4	1_724260_724261_+
1	724710	0	2	1_724710_724711_+
1	724806	0	5	1_724806_724807_+
1	725040	0	3	1_725040_725041_+
1	725056	1	3	1_725056_725057_+
1	725346	0	4	1_725346_725347_+
1	726540	0	2	1_726540_726541_+
1	726570	2	11	1_726570_726571_+
1	726605	0	1	1_726605_726606_+
1	726734	1	9	1_726734_726735_+
1	734133	0	1	1_734133_734134_+
1	740743	0	1	1_740743_740744_+
1	742234	0	1	1_742234_742235_+
1	747751	0	1	1_747751_747752_+
1	752454	0	1	1_752454_752455_+
1	752495	0	3	1_752495_752496_+
1	752673	0	4	1_752673_752674_+
1	752696	0	2	1_752696_752697_+
1	752747	0	6	1_752747_752748_+
1	753370	0	2	1_753370_753371_+
1	753376	0	2	1_753376_753377_+
1	753379	0	2	1_753379_753380_+
1	753491	0	1	1_753491_753492_+
1	753666	0	3	1_753666_753667_+
1	754108	0	1	1_754108_754109_+
1	754137	0	3	1_754137_754138_+
1	754185	0	1	1_754185_754186_+
1	754244	0	2	1_754244_754245_+
1	754820	1	1	1_754820_754821_+
1	754906	0	1	1_754906_754907_+
1	755523	1	1	1_755523_755524_+
1	755728	0	2	1_755728_755729_+
1	755749	0	1	1_755749_755750_+
1	755798	0	1	1_755798_755799_+
1	756395	0	1	1_756395_756396_+
1	756518	0	1	1_756518_756519_+
1	756558	0	1	1_756558_756559_+
1	756640	0	3	1_756640_756641_+
1	756885	0	1	1_756885_756886_+
1	757039	0	2	1_757039_757040_+
1	757199	0	5	1_757199_757200_+
1	757720	0	3	1_757720_757721_+
1	758163	0	3	1_758163_758164_+
1	758243	0	2	1_758243_758244_+
1	758350	0	2	1_758350_758351_+
1	758628	1	2	1_758628_758629_+
1	758829	0	4	1_758829_758830_+
1	761370	0	2	1_761370_761371_+
1	762232	0	1	1_762232_762233_+
1	762574	0	2	1_762574_762575_+
1	762598	0	1	1_762598_762599_+
1	762774	0	1	1_762774_762775_+
1	762776	0	1	1_762776_762777_+
1	762793	0	2	1_762793_762794_+
1	762806	0	2	1_762806_762807_+
1	762809	0	1	1_762809_762810_+
1	762850	0	1	1_762850_762851_+
1	762865	0	3	1_762865_762866_+
1	762869	0	1	1_762869_762870_+
1	762882	0	5	1_762882_762883_+
1	762891	0	2	1_762891_762892_+
1	762897	0	1	1_762897_762898_+
1	762912	0	1	1_762912_762913_+
1	762917	0	1	1_762917_762918_+
1	762919	0	1	1_762919_762920_+
1	762926	0	1	1_762926_762927_+
1	762966	0	1	1_762966_762967_+
1	762972	0	1	1_762972_762973_+
1	762977	0	2	1_762977_762978_+
1	762982	0	1	1_762982_762983_+
1	762987	0	1	1_762987_762988_+
1	763814	0	1	1_763814_763815_+
1	764411	0	1	1_764411_764412_+
1	766880	0	1	1_766880_766881_+
1	766946	0	7	1_766946_766947_+
1	767097	0	2	1_767097_767098_+
1	767220	0	1	1_767220_767221_+
1	767253	0	1	1_767253_767254_+
1	767560	0	2	1_767560_767561_+
1	767605	0	1	1_767605_767606_+
1	768049	0	6	1_768049_768050_+
1	768086	0	2	1_768086_768087_+
1	768181	0	1	1_768181_768182_+
1	769890	0	4	1_769890_769891_+
1	769893	1	4	1_769893_769894_+
1	770368	0	2	1_770368_770369_+
1	770390	0	1	1_770390_770391_+
1	772322	0	3	1_772322_772323_+
1	772957	0	1	1_772957_772958_+
1	776599	1	5	1_776599_776600_+
1	776644	0	4	1_776644_776645_+
1	776706	0	1	1_776706_776707_+
1	776861	0	1	1_776861_776862_+
1	777013	0	4	1_777013_777014_+
1	777241	0	1	1_777241_777242_+
1	777244	0	2	1_777244_777245_+
1	777287	0	3	1_777287_777288_+
1	778111	0	1	1_778111_778112_+
1	778148	0	2	1_778148_778149_+
1	778269	1	3	1_778269_778270_+
1	778272	0	1	1_778272_778273_+
1	778288	0	1	1_778288_778289_+
1	778443	0	1	1_778443_778444_+
1	778743	0	1	1_778743_778744_+
1	778777	1	1	1_778777_778778_+
1	778871	0	1	1_778871_778872_+
1	779548	1	4	1_779548_779549_+
1	779552	0	5	1_779552_779553_+
1	779582	0	2	1_779582_779583_+
1	780101	0	2	1_780101_780102_+
1	782245	0	4	1_782245_782246_+
1	782283	0	1	1_782283_782284_+
1	783005	0	1	1_783005_783006_+
1	783095	0	3	1_783095_783096_+
1	783128	0	5	1_783128_783129_+
1	783649	0	5	1_783649_783650_+
1	784177	0	4	1_784177_784178_+
1	784411	0	4	1_784411_784412_+
1	785059	0	5	1_785059_785060_+
1	785073	0	3	1_785073_785074_+
1	785592	0	1	1_785592_785593_+
1	785628	0	5	1_785628_785629_+
1	785635	0	4	1_785635_785636_+
1	785802	0	2	1_785802_785803_+
1	788365	1	6	1_788365_788366_+
1	788373	0	4	1_788373_788374_+
1	788435	0	1	1_788435_788436_+
1	788487	0	1	1_788487_788488_+
1	788491	0	1	1_788491_788492_+
1	788533	0	2	1_788533_788534_+
1	789876	0	3	1_789876_789877_+
1	790025	0	3	1_790025_790026_+
1	790035	0	1	1_790035_790036_+
1	790109	0	4	1_790109_790110_+
1	790432	0	4	1_790432_790433_+
1	790463	0	5	1_790463_790464_+
1	790698	0	1	1_790698_790699_+
1	790748	0	2	1_790748_790749_+
1	791054	0	1	1_791054_791055_+
1	792126	0	3	1_792126_792127_+
1	792150	0	1	1_792150_792151_+
1	792185	0	1	1_792185_792186_+
1	792496	0	2	1_792496_792497_+
1	793962	0	5	1_793962_793963_+
1	794230	0	5	1_794230_794231_+
1	795036	0	4	1_795036_795037_+
1	795679	0	1	1_795679_795680_+
1	795725	0	3	1_795725_795726_+
1	796076	0	2	1_796076_796077_+
1	796203	0	1	1_796203_796204_+
1	796328	0	1	1_796328_796329_+
1	796361	1	1	1_796361_796362_+
1	796521	0	1	1_796521_796522_+
1	797785	0	4	1_797785_797786_+
1	799085	0	1	1_799085_799086_+
1	799187	0	4	1_799187_799188_+
1	799419	0	1	1_799419_799420_+
1	799550	0	1	1_799550_799551_+
1	799730	0	3	1_799730_799731_+
1	801122	0	1	1_801122_801123_+
1	801290	0	3	1_801290_801291_+
1	801595	0	6	1_801595_801596_+
1	801616	0	4	1_801616_801617_+
1	801819	1	2	1_801819_801820_+
1	801850	0	2	1_801850_801851_+
1	801868	0	4	1_801868_801869_+
1	801875	0	3	1_801875_801876_+
1	801896	0	3	1_801896_801897_+
1	801916	0	1	1_801916_801917_+
1	802386	0	3	1_802386_802387_+
1	802533	0	3	1_802533_802534_+
1	802584	0	1	1_802584_802585_+
1	802819	0	1	1_802819_802820_+
1	802922	0	1	1_802922_802923_+
1	803078	0	1	1_803078_803079_+
1	803428	0	1	1_803428_803429_+
1	804432	0	2	1_804432_804433_+
1	804945	1	6	1_804945_804946_+
1	804992	0	6	1_804992_804993_+
1	804999	1	7	1_804999_805000_+
1	805102	0	2	1_805102_805103_+
1	805158	0	1	1_805158_805159_+
1	805199	0	3	1_805199_805200_+
1	805201	0	3	1_805201_805202_+
1	805214	0	3	1_805214_805215_+
1	805228	0	3	1_805228_805229_+
1	805230	0	3	1_805230_805231_+
1	805244	0	2	1_805244_805245_+
1	805246	0	1	1_805246_805247_+
1	805252	0	2	1_805252_805253_+
1	805273	0	2	1_805273_805274_+
1	805281	0	1	1_805281_805282_+
1	805314	0	1	1_805314_805315_+
1	805318	0	1	1_805318_805319_+
1	805320	0	1	1_805320_805321_+
1	805341	0	3	1_805341_805342_+
1	805352	0	2	1_805352_805353_+
1	805377	0	3	1_805377_805378_+
1	805382	0	4	1_805382_805383_+
1	805403	0	1	1_805403_805404_+
1	805411	0	1	1_805411_805412_+
1	805428	0	3	1_805428_805429_+
1	805434	0	2	1_805434_805435_+
1	805436	0	3	1_805436_805437_+
1	805444	0	5	1_805444_805445_+
1	805449	0	5	1_805449_805450_+
1	805467	0	2	1_805467_805468_+
1	805474	0	3	1_805474_805475_+
1	805477	0	2	1_805477_805478_+
1	805479	0	3	1_805479_805480_+
1	805484	0	4	1_805484_805485_+
1	805500	0	2	1_805500_805501_+
1	805519	0	1	1_805519_805520_+
1	805522	1	2	1_805522_805523_+
1	805538	0	3	1_805538_805539_+
1	805541	0	4	1_805541_805542_+
1	805554	0	2	1_805554_805555_+
1	805573	0	3	1_805573_805574_+
1	805616	0	2	1_805616_805617_+
1	805627	0	7	1_805627_805628_+
1	805746	0	3	1_805746_805747_+
1	805786	0	2	1_805786_805787_+
1	806051	0	3	1_806051_806052_+
1	806120	0	3	1_806120_806121_+
1	806231	0	1	1_806231_806232_+
1	807409	0	2	1_807409_807410_+
1	808748	0	2	1_808748_808749_+
1	808946	0	2	1_808946_808947_+
1	809006	1	3	1_809006_809007_+
1	809450	1	8	1_809450_809451_+
1	809590	0	2	1_809590_809591_+
1	809594	0	2	1_809594_809595_+
1	810599	0	2	1_810599_810600_+
1	810603	0	2	1_810603_810604_+
1	811025	0	2	1_811025_811026_+
1	811279	0	3	1_811279_811280_+
1	811285	0	3	1_811285_811286_+
1	811295	0	2	1_811295_811296_+
1	811532	0	1	1_811532_811533_+
1	811745	0	6	1_811745_811746_+
1	811759	0	5	1_811759_811760_+
1	811775	0	1	1_811775_811776_+
1	812539	0	1	1_812539_812540_+
1	813956	0	1	1_813956_813957_+
1	814887	0	4	1_814887_814888_+
1	814896	1	6	1_814896_814897_+
1	814913	1	8	1_814913_814914_+
1	816074	0	3	1_816074_816075_+
1	820609	0	2	1_820609_820610_+
1	820709	1	3	1_820709_820710_+
1	821972	0	5	1_821972_821973_+
1	822360	0	4	1_822360_822361_+
1	822553	0	2	1_822553_822554_+
1	824091	0	4	1_824091_824092_+
1	825987	0	1	1_825987_825988_+
1	826834	0	1	1_826834_826835_+
1	826988	1	1	1_826988_826989_+
1	827204	0	7	1_827204_827205_+
1	827468	0	5	1_827468_827469_+
1	828424	0	2	1_828424_828425_+
1	828846	0	5	1_828846_828847_+
1	829787	0	5	1_829787_829788_+
1	830496	0	1	1_830496_830497_+
1	830533	1	4	1_830533_830534_+
1	830935	0	1	1_830935_830936_+
1	832479	0	6	1_832479_832480_+
1	832619	0	2	1_832619_832620_+
1	832830	1	4	1_832830_832831_+
1	833157	0	4	1_833157_833158_+
1	833166	1	4	1_833166_833167_+
1	833196	0	3	1_833196_833197_+
1	833297	0	1	1_833297_833298_+
1	833347	0	2	1_833347_833348_+
1	833536	0	2	1_833536_833537_+
1	833565	0	1	1_833565_833566_+
1	833572	0	2	1_833572_833573_+
1	833593	0	5	1_833593_833594_+
1	833707	0	1	1_833707_833708_+
1	833786	0	3	1_833786_833787_+
1	833806	0	4	1_833806_833807_+
1	833868	0	8	1_833868_833869_+
1	833896	0	1	1_833896_833897_+
1	833906	0	5	1_833906_833907_+
1	833923	0	1	1_833923_833924_+
1	834183	0	1	1_834183_834184_+
1	834247	0	3	1_834247_834248_+
1	834259	0	2	1_834259_834260_+
1	834276	0	2	1_834276_834277_+
1	834295	0	1	1_834295_834296_+
1	834330	0	3	1_834330_834331_+
1	834338	0	6	1_834338_834339_+
1	834356	0	8	1_834356_834357_+
1	834358	0	8	1_834358_834359_+
1	834697	0	3	1_834697_834698_+
1	834703	0	4	1_834703_834704_+
1	834795	0	1	1_834795_834796_+
1	834978	0	4	1_834978_834979_+
1	835044	0	4	1_835044_835045_+
1	835124	2	5	1_835124_835125_+
1	835444	0	2	1_835444_835445_+
1	835736	0	3	1_835736_835737_+
1	835766	1	6	1_835766_835767_+
1	835923	1	4	1_835923_835924_+
1	836204	0	2	1_836204_836205_+
1	836217	0	1	1_836217_836218_+
1	836295	0	4	1_836295_836296_+
1	836472	1	2	1_836472_836473_+
1	836518	0	1	1_836518_836519_+
1	836536	0	1	1_836536_836537_+
1	836578	0	1	1_836578_836579_+
1	836805	0	5	1_836805_836806_+
1	836872	0	4	1_836872_836873_+
1	836967	0	1	1_836967_836968_+
1	836997	0	3	1_836997_836998_+
1	837042	0	3	1_837042_837043_+
1	837603	0	3	1_837603_837604_+
1	837616	1	1	1_837616_837617_+
1	837717	0	3	1_837717_837718_+
1	837736	0	5	1_837736_837737_+
1	837852	1	3	1_837852_837853_+
1	837885	0	1	1_837885_837886_+
1	837891	0	2	1_837891_837892_+
1	837929	1	3	1_837929_837930_+
1	838021	0	3	1_838021_838022_+
1	838049	0	4	1_838049_838050_+
1	838078	0	4	1_838078_838079_+
1	838085	0	3	1_838085_838086_+
1	838108	0	4	1_838108_838109_+
1	838110	0	4	1_838110_838111_+
1	838275	0	2	1_838275_838276_+
1	838285	0	3	1_838285_838286_+
1	838295	0	2	1_838295_838296_+
1	838302	0	1	1_838302_838303_+
1	838308	0	1	1_838308_838309_+
1	838349	1	8	1_838349_838350_+
1	838352	0	7	1_838352_838353_+
1	838361	0	4	1_838361_838362_+
1	838368	0	3	1_838368_838369_+
1	838371	0	5	1_838371_838372_+
1	838377	0	6	1_838377_838378_+
1	838379	0	7	1_838379_838380_+
1	838382	0	6	1_838382_838383_+
1	838395	0	7	1_838395_838396_+
1	838429	0	2	1_838429_838430_+
1	838435	0	2	1_838435_838436_+
1	838537	0	5	1_838537_838538_+
1	838564	0	4	1_838564_838565_+
1	838666	0	1	1_838666_838667_+
1	838701	1	2	1_838701_838702_+
1	838761	0	1	1_838761_838762_+
1	838873	0	2	1_838873_838874_+
1	838876	0	2	1_838876_838877_+
1	838924	1	3	1_838924_838925_+
1	839106	1	3	1_839106_839107_+
1	839172	0	4	1_839172_839173_+
1	839207	0	3	1_839207_839208_+
1	839214	0	4	1_839214_839215_+
1	839245	0	2	1_839245_839246_+
1	839349	1	3	1_839349_839350_+
1	839355	0	2	1_839355_839356_+
1	839397	0	1	1_839397_839398_+
1	839435	0	5	1_839435_839436_+
1	839464	1	4	1_839464_839465_+
1	839508	0	2	1_839508_839509_+
1	839516	0	1	1_839516_839517_+
1	839575	0	1	1_839575_839576_+
1	839577	0	1	1_839577_839578_+
1	839618	0	3	1_839618_839619_+
1	839633	0	1	1_839633_839634_+
1	839668	0	2	1_839668_839669_+
1	839738	0	1	1_839738_839739_+
1	839752	0	3	1_839752_839753_+
1	839780	0	2	1_839780_839781_+
1	839799	0	3	1_839799_839800_+
1	839805	0	3	1_839805_839806_+
1	839811	0	6	1_839811_839812_+
1	839847	0	3	1_839847_839848_+
1	839855	0	4	1_839855_839856_+
1	839867	0	2	1_839867_839868_+
1	839877	0	1	1_839877_839878_+
1	839965	0	2	1_839965_839966_+
1	839969	0	2	1_839969_839970_+
1	840007	0	1	1_840007_840008_+
1	840013	0	1	1_840013_840014_+
1	840016	0	1	1_840016_840017_+
1	840031	0	2	1_840031_840032_+
1	840047	0	2	1_840047_840048_+
1	840051	0	2	1_840051_840052_+
1	840057	0	1	1_840057_840058_+
1	840079	0	1	1_840079_840080_+
1	840085	0	1	1_840085_840086_+
1	840089	0	2	1_840089_840090_+
1	840095	0	2	1_840095_840096_+
1	840107	0	6	1_840107_840108_+
