#chrom	genomicpos	deaminated	total	bedcoord
1	10471	0	1	1_10471_10472_+
1	10484	0	1	1_10484_10485_+
1	10497	0	4	1_10497_10498_+
1	10525	0	11	1_10525_10526_+
1	10563	0	1	1_10563_10564_+
1	10571	0	2	1_10571_10572_+
1	10577	0	1	1_10577_10578_+
1	15882	0	1	1_15882_15883_+
1	17478	0	7	1_17478_17479_+
1	17483	2	5	1_17483_17484_+
1	17492	0	4	1_17492_17493_+
1	51458	0	1	1_51458_51459_+
1	51969	0	1	1_51969_51970_+
1	52244	1	1	1_52244_52245_+
1	58447	0	2	1_58447_58448_+
1	62140	0	1	1_62140_62141_+
1	62277	0	2	1_62277_62278_+
1	69558	0	2	1_69558_69559_+
1	87723	0	2	1_87723_87724_+
1	91159	0	1	1_91159_91160_+
1	102988	0	2	1_102988_102989_+
1	115672	0	1	1_115672_115673_+
1	133180	0	2	1_133180_133181_+
1	133391	1	1	1_133391_133392_+
1	135178	0	4	1_135178_135179_+
1	135207	1	4	1_135207_135208_+
1	135232	0	1	1_135232_135233_+
1	136778	0	1	1_136778_136779_+
1	136925	0	1	1_136925_136926_+
1	229621	0	2	1_229621_229622_+
1	233450	0	2	1_233450_233451_+
1	324768	0	1	1_324768_324769_+
1	324771	0	2	1_324771_324772_+
1	526061	0	1	1_526061_526062_+
1	526065	1	1	1_526065_526066_+
1	532017	0	1	1_532017_532018_+
1	534326	0	1	1_534326_534327_+
1	534329	0	4	1_534329_534330_+
1	534343	0	1	1_534343_534344_+
1	540643	0	1	1_540643_540644_+
1	540800	0	2	1_540800_540801_+
1	540808	0	2	1_540808_540809_+
1	540825	0	1	1_540825_540826_+
1	540827	1	1	1_540827_540828_+
1	562049	0	2	1_562049_562050_+
1	564471	0	2	1_564471_564472_+
1	564925	0	1	1_564925_564926_+
1	566813	0	3	1_566813_566814_+
1	567501	0	1	1_567501_567502_+
1	568400	0	2	1_568400_568401_+
1	568409	0	2	1_568409_568410_+
1	568529	1	1	1_568529_568530_+
1	568698	0	1	1_568698_568699_+
1	568715	0	2	1_568715_568716_+
1	569081	0	1	1_569081_569082_+
1	569271	0	1	1_569271_569272_+
1	586218	0	1	1_586218_586219_+
1	592317	0	1	1_592317_592318_+
1	637725	0	3	1_637725_637726_+
1	637754	0	7	1_637754_637755_+
1	689390	0	1	1_689390_689391_+
1	700490	0	1	1_700490_700491_+
1	704315	0	3	1_704315_704316_+
1	705870	0	6	1_705870_705871_+
1	705907	0	2	1_705907_705908_+
1	707095	0	4	1_707095_707096_+
1	710190	0	1	1_710190_710191_+
1	712545	0	5	1_712545_712546_+
1	712995	0	1	1_712995_712996_+
1	713252	1	3	1_713252_713253_+
1	713388	0	3	1_713388_713389_+
1	713901	0	2	1_713901_713902_+
1	713921	0	1	1_713921_713922_+
1	713985	0	2	1_713985_713986_+
1	714012	0	5	1_714012_714013_+
1	714021	0	4	1_714021_714022_+
1	714049	0	2	1_714049_714050_+
1	714052	0	3	1_714052_714053_+
1	714060	0	1	1_714060_714061_+
1	714076	0	1	1_714076_714077_+
1	714083	0	5	1_714083_714084_+
1	714096	0	3	1_714096_714097_+
1	714137	0	5	1_714137_714138_+
1	714139	0	5	1_714139_714140_+
1	714177	0	1	1_714177_714178_+
1	714198	0	2	1_714198_714199_+
1	714202	0	2	1_714202_714203_+
1	714254	0	1	1_714254_714255_+
1	714258	0	2	1_714258_714259_+
1	714261	0	3	1_714261_714262_+
1	714264	0	5	1_714264_714265_+
1	714292	0	2	1_714292_714293_+
1	714300	0	2	1_714300_714301_+
1	714307	0	2	1_714307_714308_+
1	714313	0	1	1_714313_714314_+
1	714338	0	1	1_714338_714339_+
1	714546	0	3	1_714546_714547_+
1	714565	0	2	1_714565_714566_+
1	714660	0	3	1_714660_714661_+
1	715079	0	1	1_715079_715080_+
1	715083	0	1	1_715083_715084_+
1	715110	0	5	1_715110_715111_+
1	715121	0	1	1_715121_715122_+
1	715250	1	5	1_715250_715251_+
1	715277	1	1	1_715277_715278_+
1	715283	0	1	1_715283_715284_+
1	715389	0	2	1_715389_715390_+
1	715391	0	2	1_715391_715392_+
1	715414	0	3	1_715414_715415_+
1	716092	0	1	1_716092_716093_+
1	717601	0	2	1_717601_717602_+
1	718572	0	3	1_718572_718573_+
1	721427	0	1	1_721427_721428_+
1	723701	0	1	1_723701_723702_+
1	723837	0	1	1_723837_723838_+
1	724240	0	6	1_724240_724241_+
1	724246	0	7	1_724246_724247_+
1	724260	0	6	1_724260_724261_+
1	724710	1	3	1_724710_724711_+
1	724806	1	6	1_724806_724807_+
1	725040	0	4	1_725040_725041_+
1	725056	1	1	1_725056_725057_+
1	725346	0	3	1_725346_725347_+
1	725986	0	1	1_725986_725987_+
1	726540	0	1	1_726540_726541_+
1	726570	0	1	1_726570_726571_+
1	726605	0	2	1_726605_726606_+
1	726734	0	6	1_726734_726735_+
1	726904	0	1	1_726904_726905_+
1	728923	0	1	1_728923_728924_+
1	734133	0	3	1_734133_734134_+
1	734327	0	1	1_734327_734328_+
1	736025	0	1	1_736025_736026_+
1	739377	0	2	1_739377_739378_+
1	739545	0	1	1_739545_739546_+
1	740743	0	1	1_740743_740744_+
1	742234	0	1	1_742234_742235_+
1	747751	0	2	1_747751_747752_+
1	748480	0	1	1_748480_748481_+
1	748508	0	1	1_748508_748509_+
1	750082	0	1	1_750082_750083_+
1	751772	0	1	1_751772_751773_+
1	752495	0	2	1_752495_752496_+
1	752673	0	6	1_752673_752674_+
1	752696	0	5	1_752696_752697_+
1	752747	0	3	1_752747_752748_+
1	752805	0	1	1_752805_752806_+
1	753358	0	3	1_753358_753359_+
1	753370	0	2	1_753370_753371_+
1	753376	0	3	1_753376_753377_+
1	753379	0	4	1_753379_753380_+
1	753666	0	5	1_753666_753667_+
1	754108	0	3	1_754108_754109_+
1	754137	0	5	1_754137_754138_+
1	754153	0	3	1_754153_754154_+
1	754185	0	3	1_754185_754186_+
1	754739	0	4	1_754739_754740_+
1	755209	0	5	1_755209_755210_+
1	755523	0	1	1_755523_755524_+
1	755728	0	4	1_755728_755729_+
1	755749	0	1	1_755749_755750_+
1	755798	0	2	1_755798_755799_+
1	756395	0	2	1_756395_756396_+
1	756453	0	4	1_756453_756454_+
1	756518	1	3	1_756518_756519_+
1	756558	1	3	1_756558_756559_+
1	756640	1	1	1_756640_756641_+
1	756885	0	3	1_756885_756886_+
1	757039	0	4	1_757039_757040_+
1	757153	0	2	1_757153_757154_+
1	757199	0	1	1_757199_757200_+
1	757720	1	6	1_757720_757721_+
1	758163	0	1	1_758163_758164_+
1	758243	0	1	1_758243_758244_+
1	758350	0	1	1_758350_758351_+
1	758829	0	3	1_758829_758830_+
1	758945	1	3	1_758945_758946_+
1	761298	0	1	1_761298_761299_+
1	761370	1	4	1_761370_761371_+
1	762113	0	1	1_762113_762114_+
1	762179	0	3	1_762179_762180_+
1	762574	0	1	1_762574_762575_+
1	762594	0	1	1_762594_762595_+
1	762596	0	1	1_762596_762597_+
1	762598	0	1	1_762598_762599_+
1	762774	0	1	1_762774_762775_+
1	762776	0	1	1_762776_762777_+
1	762793	0	2	1_762793_762794_+
1	762806	0	1	1_762806_762807_+
1	762850	0	1	1_762850_762851_+
1	762882	0	2	1_762882_762883_+
1	762891	0	2	1_762891_762892_+
1	762897	0	2	1_762897_762898_+
1	762937	0	2	1_762937_762938_+
1	762972	0	1	1_762972_762973_+
1	762977	0	1	1_762977_762978_+
1	762982	0	2	1_762982_762983_+
1	762987	0	2	1_762987_762988_+
1	763005	0	1	1_763005_763006_+
1	763814	0	1	1_763814_763815_+
1	764421	1	1	1_764421_764422_+
1	765531	0	1	1_765531_765532_+
1	766328	0	1	1_766328_766329_+
1	766880	0	3	1_766880_766881_+
1	767097	1	4	1_767097_767098_+
1	767220	0	1	1_767220_767221_+
1	767560	0	3	1_767560_767561_+
1	767605	0	1	1_767605_767606_+
1	768049	0	2	1_768049_768050_+
1	768086	0	2	1_768086_768087_+
1	769174	0	1	1_769174_769175_+
1	769890	0	4	1_769890_769891_+
1	769893	1	4	1_769893_769894_+
1	771897	0	1	1_771897_771898_+
1	772322	0	2	1_772322_772323_+
1	776599	1	3	1_776599_776600_+
1	776644	0	2	1_776644_776645_+
1	776861	0	2	1_776861_776862_+
1	776977	1	2	1_776977_776978_+
1	777013	0	2	1_777013_777014_+
1	777046	0	1	1_777046_777047_+
1	777287	0	5	1_777287_777288_+
1	778111	1	6	1_778111_778112_+
1	778148	0	2	1_778148_778149_+
1	778269	0	7	1_778269_778270_+
1	778272	1	6	1_778272_778273_+
1	778288	0	1	1_778288_778289_+
1	778292	0	1	1_778292_778293_+
1	778443	0	3	1_778443_778444_+
1	778743	0	1	1_778743_778744_+
1	778871	0	3	1_778871_778872_+
1	779077	0	1	1_779077_779078_+
1	779548	0	4	1_779548_779549_+
1	779552	0	5	1_779552_779553_+
1	779582	0	2	1_779582_779583_+
1	780086	0	2	1_780086_780087_+
1	780101	0	1	1_780101_780102_+
1	780325	0	3	1_780325_780326_+
1	780893	0	1	1_780893_780894_+
1	782245	0	3	1_782245_782246_+
1	783005	0	2	1_783005_783006_+
1	783095	0	1	1_783095_783096_+
1	783128	1	1	1_783128_783129_+
1	783649	0	2	1_783649_783650_+
1	784177	0	4	1_784177_784178_+
1	784411	0	2	1_784411_784412_+
1	785059	0	3	1_785059_785060_+
1	785073	0	2	1_785073_785074_+
1	785223	0	3	1_785223_785224_+
1	785592	0	2	1_785592_785593_+
1	785628	0	2	1_785628_785629_+
1	785635	0	3	1_785635_785636_+
1	785802	0	1	1_785802_785803_+
1	788373	0	1	1_788373_788374_+
1	788435	0	2	1_788435_788436_+
1	788487	0	1	1_788487_788488_+
1	788503	0	2	1_788503_788504_+
1	788531	0	2	1_788531_788532_+
1	788533	0	2	1_788533_788534_+
1	788590	0	1	1_788590_788591_+
1	789232	0	1	1_789232_789233_+
1	789359	0	2	1_789359_789360_+
1	789876	0	2	1_789876_789877_+
1	789950	0	1	1_789950_789951_+
1	790025	0	4	1_790025_790026_+
1	790109	0	3	1_790109_790110_+
1	790432	1	3	1_790432_790433_+
1	790463	0	2	1_790463_790464_+
1	790698	0	3	1_790698_790699_+
1	790748	0	1	1_790748_790749_+
1	791054	0	1	1_791054_791055_+
1	792126	1	5	1_792126_792127_+
1	792150	0	5	1_792150_792151_+
1	792185	0	2	1_792185_792186_+
1	792654	0	1	1_792654_792655_+
1	793962	0	1	1_793962_793963_+
1	794230	0	5	1_794230_794231_+
1	795036	0	2	1_795036_795037_+
1	795725	0	2	1_795725_795726_+
1	796076	0	1	1_796076_796077_+
1	796162	0	1	1_796162_796163_+
1	796328	0	1	1_796328_796329_+
1	796361	0	1	1_796361_796362_+
1	797785	1	3	1_797785_797786_+
1	799187	0	1	1_799187_799188_+
1	799550	0	2	1_799550_799551_+
1	799730	0	5	1_799730_799731_+
1	801290	1	3	1_801290_801291_+
1	801595	1	7	1_801595_801596_+
1	801616	1	7	1_801616_801617_+
1	801819	1	5	1_801819_801820_+
1	801850	0	1	1_801850_801851_+
1	801868	0	4	1_801868_801869_+
1	801875	2	4	1_801875_801876_+
1	801896	1	2	1_801896_801897_+
1	801916	0	4	1_801916_801917_+
1	802523	0	1	1_802523_802524_+
1	802533	0	1	1_802533_802534_+
1	802584	0	1	1_802584_802585_+
1	802819	0	2	1_802819_802820_+
1	802922	0	2	1_802922_802923_+
1	804432	1	5	1_804432_804433_+
1	804912	0	2	1_804912_804913_+
1	804945	0	3	1_804945_804946_+
1	804992	0	7	1_804992_804993_+
1	804999	0	5	1_804999_805000_+
1	805102	0	2	1_805102_805103_+
1	805158	0	1	1_805158_805159_+
1	805199	0	3	1_805199_805200_+
1	805201	0	2	1_805201_805202_+
1	805214	0	4	1_805214_805215_+
1	805244	0	1	1_805244_805245_+
1	805246	0	1	1_805246_805247_+
1	805252	0	3	1_805252_805253_+
1	805273	0	1	1_805273_805274_+
1	805289	0	1	1_805289_805290_+
1	805295	0	1	1_805295_805296_+
1	805312	0	3	1_805312_805313_+
1	805314	0	2	1_805314_805315_+
1	805318	0	2	1_805318_805319_+
1	805320	0	1	1_805320_805321_+
1	805327	0	1	1_805327_805328_+
1	805341	0	1	1_805341_805342_+
1	805352	0	1	1_805352_805353_+
1	805377	0	1	1_805377_805378_+
1	805403	0	5	1_805403_805404_+
1	805411	0	4	1_805411_805412_+
1	805428	0	1	1_805428_805429_+
1	805434	0	1	1_805434_805435_+
1	805444	0	2	1_805444_805445_+
1	805449	0	3	1_805449_805450_+
1	805467	0	4	1_805467_805468_+
1	805474	0	5	1_805474_805475_+
1	805477	0	4	1_805477_805478_+
1	805479	0	3	1_805479_805480_+
1	805484	0	6	1_805484_805485_+
1	805519	0	2	1_805519_805520_+
1	805522	0	2	1_805522_805523_+
1	805538	0	2	1_805538_805539_+
1	805541	0	3	1_805541_805542_+
1	805554	0	2	1_805554_805555_+
1	805573	0	2	1_805573_805574_+
1	805604	0	2	1_805604_805605_+
1	805606	0	1	1_805606_805607_+
1	805616	0	2	1_805616_805617_+
1	805627	0	6	1_805627_805628_+
1	805746	0	4	1_805746_805747_+
1	805786	0	5	1_805786_805787_+
1	805942	1	4	1_805942_805943_+
1	806051	0	3	1_806051_806052_+
1	806231	0	1	1_806231_806232_+
1	807409	0	4	1_807409_807410_+
1	808584	0	2	1_808584_808585_+
1	808748	0	3	1_808748_808749_+
1	808946	1	2	1_808946_808947_+
1	809006	0	2	1_809006_809007_+
1	809450	1	7	1_809450_809451_+
1	809590	0	2	1_809590_809591_+
1	809594	0	1	1_809594_809595_+
1	810095	0	2	1_810095_810096_+
1	810599	0	3	1_810599_810600_+
1	810603	0	3	1_810603_810604_+
1	811025	0	3	1_811025_811026_+
1	811166	0	4	1_811166_811167_+
1	811279	0	1	1_811279_811280_+
1	811295	0	1	1_811295_811296_+
1	811348	0	1	1_811348_811349_+
1	811559	0	1	1_811559_811560_+
1	811745	0	5	1_811745_811746_+
1	811759	0	3	1_811759_811760_+
1	811775	0	6	1_811775_811776_+
1	812350	0	2	1_812350_812351_+
1	812539	0	8	1_812539_812540_+
1	812640	0	1	1_812640_812641_+
1	813956	0	1	1_813956_813957_+
1	814048	0	3	1_814048_814049_+
1	814887	0	3	1_814887_814888_+
1	814896	0	4	1_814896_814897_+
1	814913	1	8	1_814913_814914_+
1	816074	0	3	1_816074_816075_+
1	818444	0	1	1_818444_818445_+
1	820609	0	2	1_820609_820610_+
1	820709	0	1	1_820709_820710_+
1	822360	0	4	1_822360_822361_+
1	822553	0	3	1_822553_822554_+
1	824091	0	3	1_824091_824092_+
1	825735	0	1	1_825735_825736_+
1	825987	0	1	1_825987_825988_+
1	826834	0	1	1_826834_826835_+
1	827204	0	2	1_827204_827205_+
1	827299	0	1	1_827299_827300_+
1	827468	0	2	1_827468_827469_+
1	828424	0	2	1_828424_828425_+
1	828846	0	3	1_828846_828847_+
1	829386	0	2	1_829386_829387_+
1	829665	0	1	1_829665_829666_+
1	829787	0	3	1_829787_829788_+
1	830411	0	1	1_830411_830412_+
1	830496	0	1	1_830496_830497_+
1	830533	1	3	1_830533_830534_+
1	832479	0	3	1_832479_832480_+
1	832619	0	1	1_832619_832620_+
1	832830	1	4	1_832830_832831_+
1	833157	0	2	1_833157_833158_+
1	833166	0	1	1_833166_833167_+
1	833196	1	6	1_833196_833197_+
1	833347	0	3	1_833347_833348_+
1	833446	0	1	1_833446_833447_+
1	833514	0	1	1_833514_833515_+
1	833555	0	1	1_833555_833556_+
1	833565	0	1	1_833565_833566_+
1	833572	0	3	1_833572_833573_+
1	833593	0	6	1_833593_833594_+
1	833786	0	3	1_833786_833787_+
1	833868	1	5	1_833868_833869_+
1	833896	0	2	1_833896_833897_+
1	833906	0	3	1_833906_833907_+
1	834183	1	4	1_834183_834184_+
1	834247	0	2	1_834247_834248_+
1	834259	0	4	1_834259_834260_+
1	834276	0	1	1_834276_834277_+
1	834295	0	2	1_834295_834296_+
1	834330	0	3	1_834330_834331_+
1	834338	0	7	1_834338_834339_+
1	834356	2	4	1_834356_834357_+
1	834358	0	5	1_834358_834359_+
1	834499	1	1	1_834499_834500_+
1	834697	0	2	1_834697_834698_+
1	834703	0	1	1_834703_834704_+
1	834767	0	3	1_834767_834768_+
1	834795	0	4	1_834795_834796_+
1	834914	1	5	1_834914_834915_+
1	834978	0	3	1_834978_834979_+
1	835044	1	4	1_835044_835045_+
1	835124	1	2	1_835124_835125_+
1	835444	0	3	1_835444_835445_+
1	835736	0	3	1_835736_835737_+
1	835766	0	3	1_835766_835767_+
1	835923	1	6	1_835923_835924_+
1	836204	0	7	1_836204_836205_+
1	836217	0	3	1_836217_836218_+
1	836295	0	5	1_836295_836296_+
1	836472	0	2	1_836472_836473_+
1	836536	0	4	1_836536_836537_+
1	836578	0	3	1_836578_836579_+
1	836805	0	2	1_836805_836806_+
1	836872	0	4	1_836872_836873_+
1	836967	0	2	1_836967_836968_+
1	836997	0	2	1_836997_836998_+
1	837042	0	6	1_837042_837043_+
1	837234	2	3	1_837234_837235_+
1	837541	0	5	1_837541_837542_+
1	837603	0	3	1_837603_837604_+
1	837616	0	3	1_837616_837617_+
1	837639	0	2	1_837639_837640_+
1	837717	0	3	1_837717_837718_+
1	837736	0	5	1_837736_837737_+
1	837852	1	4	1_837852_837853_+
1	837885	0	3	1_837885_837886_+
1	837891	0	1	1_837891_837892_+
1	837929	0	1	1_837929_837930_+
1	838021	0	4	1_838021_838022_+
1	838049	0	3	1_838049_838050_+
1	838078	1	4	1_838078_838079_+
1	838085	0	2	1_838085_838086_+
1	838275	0	3	1_838275_838276_+
1	838285	0	6	1_838285_838286_+
1	838295	1	6	1_838295_838296_+
1	838302	1	5	1_838302_838303_+
1	838308	0	4	1_838308_838309_+
1	838349	0	6	1_838349_838350_+
1	838352	0	5	1_838352_838353_+
1	838361	1	5	1_838361_838362_+
1	838368	0	7	1_838368_838369_+
1	838371	0	8	1_838371_838372_+
1	838377	0	9	1_838377_838378_+
1	838379	0	8	1_838379_838380_+
1	838382	0	7	1_838382_838383_+
1	838395	0	5	1_838395_838396_+
1	838427	0	4	1_838427_838428_+
1	838429	0	4	1_838429_838430_+
1	838435	0	3	1_838435_838436_+
1	838537	1	4	1_838537_838538_+
1	838564	0	2	1_838564_838565_+
1	838643	0	2	1_838643_838644_+
1	838666	0	1	1_838666_838667_+
1	838687	1	4	1_838687_838688_+
1	838701	0	3	1_838701_838702_+
1	838761	0	4	1_838761_838762_+
1	838785	0	3	1_838785_838786_+
1	838873	0	4	1_838873_838874_+
1	838876	2	4	1_838876_838877_+
1	838924	1	5	1_838924_838925_+
1	839106	1	3	1_839106_839107_+
1	839172	0	4	1_839172_839173_+
1	839207	0	2	1_839207_839208_+
1	839214	0	2	1_839214_839215_+
1	839245	0	4	1_839245_839246_+
1	839349	0	2	1_839349_839350_+
