#chrom	genomicpos	deaminated	total	bedcoord
1	10471	0	1	1_10471_10472_+
1	10497	0	1	1_10497_10498_+
1	10525	0	5	1_10525_10526_+
1	10571	0	1	1_10571_10572_+
1	10577	0	1	1_10577_10578_+
1	17478	0	3	1_17478_17479_+
1	17483	0	2	1_17483_17484_+
1	17492	0	1	1_17492_17493_+
1	51821	0	1	1_51821_51822_+
1	51827	0	2	1_51827_51828_+
1	51969	0	1	1_51969_51970_+
1	51975	0	1	1_51975_51976_+
1	58447	0	1	1_58447_58448_+
1	63197	0	1	1_63197_63198_+
1	67183	0	1	1_67183_67184_+
1	73228	0	1	1_73228_73229_+
1	77129	0	1	1_77129_77130_+
1	82715	0	1	1_82715_82716_+
1	88487	0	1	1_88487_88488_+
1	102988	0	2	1_102988_102989_+
1	103064	0	1	1_103064_103065_+
1	133180	0	1	1_133180_133181_+
1	135207	0	1	1_135207_135208_+
1	135217	0	1	1_135217_135218_+
1	136473	0	1	1_136473_136474_+
1	136669	0	1	1_136669_136670_+
1	137059	0	1	1_137059_137060_+
1	137157	0	1	1_137157_137158_+
1	174794	0	1	1_174794_174795_+
1	229621	0	2	1_229621_229622_+
1	229783	0	1	1_229783_229784_+
1	235122	0	3	1_235122_235123_+
1	241193	0	1	1_241193_241194_+
1	241225	0	1	1_241225_241226_+
1	255896	0	1	1_255896_255897_+
1	422547	0	1	1_422547_422548_+
1	525463	0	1	1_525463_525464_+
1	526714	0	1	1_526714_526715_+
1	531246	0	1	1_531246_531247_+
1	534343	0	2	1_534343_534344_+
1	536558	0	1	1_536558_536559_+
1	540643	0	1	1_540643_540644_+
1	546023	0	1	1_546023_546024_+
1	546027	0	1	1_546027_546028_+
1	546102	0	1	1_546102_546103_+
1	564471	0	1	1_564471_564472_+
1	564501	0	2	1_564501_564502_+
1	564676	0	1	1_564676_564677_+
1	566813	0	1	1_566813_566814_+
1	567014	0	3	1_567014_567015_+
1	567113	0	2	1_567113_567114_+
1	567390	0	1	1_567390_567391_+
1	567501	0	2	1_567501_567502_+
1	567549	0	1	1_567549_567550_+
1	567882	0	1	1_567882_567883_+
1	568325	0	1	1_568325_568326_+
1	568409	0	1	1_568409_568410_+
1	568460	0	2	1_568460_568461_+
1	568469	1	1	1_568469_568470_+
1	569129	0	1	1_569129_569130_+
1	571899	0	3	1_571899_571900_+
1	601423	0	1	1_601423_601424_+
1	601470	0	1	1_601470_601471_+
1	601746	0	1	1_601746_601747_+
1	604026	0	1	1_604026_604027_+
1	604103	0	1	1_604103_604104_+
1	626233	0	1	1_626233_626234_+
1	662706	0	1	1_662706_662707_+
1	700490	0	2	1_700490_700491_+
1	700624	0	1	1_700624_700625_+
1	701927	0	1	1_701927_701928_+
1	704315	0	1	1_704315_704316_+
1	705761	0	1	1_705761_705762_+
1	705907	0	2	1_705907_705908_+
1	708897	0	1	1_708897_708898_+
1	710099	0	1	1_710099_710100_+
1	711171	0	1	1_711171_711172_+
1	711593	0	1	1_711593_711594_+
1	711764	0	1	1_711764_711765_+
1	712545	0	2	1_712545_712546_+
1	713293	0	1	1_713293_713294_+
1	713305	0	1	1_713305_713306_+
1	713317	0	1	1_713317_713318_+
1	713447	0	1	1_713447_713448_+
1	713449	0	1	1_713449_713450_+
1	713453	0	1	1_713453_713454_+
1	713985	0	1	1_713985_713986_+
1	714049	0	1	1_714049_714050_+
1	714096	0	1	1_714096_714097_+
1	714660	0	1	1_714660_714661_+
1	715250	0	2	1_715250_715251_+
1	715414	0	1	1_715414_715415_+
1	716050	0	1	1_716050_716051_+
1	716058	0	1	1_716058_716059_+
1	716092	0	1	1_716092_716093_+
1	717601	0	1	1_717601_717602_+
1	724246	0	3	1_724246_724247_+
1	724260	0	2	1_724260_724261_+
1	724641	0	1	1_724641_724642_+
1	724710	0	2	1_724710_724711_+
1	724806	0	3	1_724806_724807_+
1	725056	0	1	1_725056_725057_+
1	725346	0	1	1_725346_725347_+
1	725986	0	1	1_725986_725987_+
1	726605	0	1	1_726605_726606_+
1	726734	0	1	1_726734_726735_+
1	726904	0	2	1_726904_726905_+
1	731292	0	2	1_731292_731293_+
1	732127	0	1	1_732127_732128_+
1	736025	0	1	1_736025_736026_+
1	742317	1	1	1_742317_742318_+
1	746796	0	1	1_746796_746797_+
1	748508	0	1	1_748508_748509_+
1	752495	0	1	1_752495_752496_+
1	752673	0	1	1_752673_752674_+
1	752696	0	1	1_752696_752697_+
1	752747	0	1	1_752747_752748_+
1	753370	0	2	1_753370_753371_+
1	753376	0	2	1_753376_753377_+
1	753379	0	2	1_753379_753380_+
1	753666	0	1	1_753666_753667_+
1	753723	0	1	1_753723_753724_+
1	753784	0	1	1_753784_753785_+
1	754108	0	2	1_754108_754109_+
1	754137	0	1	1_754137_754138_+
1	754153	0	1	1_754153_754154_+
1	754739	0	1	1_754739_754740_+
1	754906	0	1	1_754906_754907_+
1	755209	0	1	1_755209_755210_+
1	755523	0	1	1_755523_755524_+
1	755749	0	1	1_755749_755750_+
1	756395	1	1	1_756395_756396_+
1	756518	0	2	1_756518_756519_+
1	756640	0	1	1_756640_756641_+
1	757039	0	1	1_757039_757040_+
1	757153	0	2	1_757153_757154_+
1	757199	0	2	1_757199_757200_+
1	758163	0	1	1_758163_758164_+
1	758350	0	2	1_758350_758351_+
1	758829	0	1	1_758829_758830_+
1	759551	0	1	1_759551_759552_+
1	760964	2	3	1_760964_760965_+
1	761370	0	1	1_761370_761371_+
1	762279	0	1	1_762279_762280_+
1	762793	0	2	1_762793_762794_+
1	762806	0	1	1_762806_762807_+
1	762809	0	1	1_762809_762810_+
1	762882	0	2	1_762882_762883_+
1	762891	0	2	1_762891_762892_+
1	762897	0	1	1_762897_762898_+
1	762966	0	1	1_762966_762967_+
1	762972	0	1	1_762972_762973_+
1	762977	0	1	1_762977_762978_+
1	762982	0	1	1_762982_762983_+
1	762987	0	1	1_762987_762988_+
1	766285	0	1	1_766285_766286_+
1	766328	1	1	1_766328_766329_+
1	766880	0	1	1_766880_766881_+
1	766946	0	2	1_766946_766947_+
1	767220	1	2	1_767220_767221_+
1	767493	0	1	1_767493_767494_+
1	768049	1	1	1_768049_768050_+
1	769271	0	2	1_769271_769272_+
1	770390	0	2	1_770390_770391_+
1	771741	0	1	1_771741_771742_+
1	772957	0	1	1_772957_772958_+
1	775357	0	1	1_775357_775358_+
1	775766	0	1	1_775766_775767_+
1	776599	0	1	1_776599_776600_+
1	776644	0	1	1_776644_776645_+
1	777046	0	2	1_777046_777047_+
1	777241	0	2	1_777241_777242_+
1	777244	0	2	1_777244_777245_+
1	778600	0	1	1_778600_778601_+
1	778743	0	4	1_778743_778744_+
1	779077	0	1	1_779077_779078_+
1	779582	0	1	1_779582_779583_+
1	780086	0	2	1_780086_780087_+
1	780101	0	3	1_780101_780102_+
1	780206	0	1	1_780206_780207_+
1	780878	0	1	1_780878_780879_+
1	782245	0	1	1_782245_782246_+
1	783128	0	1	1_783128_783129_+
1	783649	0	1	1_783649_783650_+
1	784602	0	2	1_784602_784603_+
1	785059	0	3	1_785059_785060_+
1	785223	0	1	1_785223_785224_+
1	785592	0	1	1_785592_785593_+
1	785628	0	2	1_785628_785629_+
1	785722	0	1	1_785722_785723_+
1	787643	0	1	1_787643_787644_+
1	788435	0	1	1_788435_788436_+
1	788590	0	1	1_788590_788591_+
1	789359	0	1	1_789359_789360_+
1	789950	0	2	1_789950_789951_+
1	790109	1	2	1_790109_790110_+
1	790463	1	1	1_790463_790464_+
1	790748	0	1	1_790748_790749_+
1	791179	0	1	1_791179_791180_+
1	791543	1	1	1_791543_791544_+
1	791869	0	1	1_791869_791870_+
1	792150	0	1	1_792150_792151_+
1	792654	1	2	1_792654_792655_+
1	794230	0	1	1_794230_794231_+
1	795036	0	2	1_795036_795037_+
1	795725	0	1	1_795725_795726_+
1	796076	0	1	1_796076_796077_+
1	796162	0	1	1_796162_796163_+
1	796203	0	1	1_796203_796204_+
1	796361	0	1	1_796361_796362_+
1	796521	0	2	1_796521_796522_+
1	797785	0	1	1_797785_797786_+
1	799085	0	2	1_799085_799086_+
1	799187	0	2	1_799187_799188_+
1	799419	0	1	1_799419_799420_+
1	799550	0	1	1_799550_799551_+
1	799730	0	3	1_799730_799731_+
1	801090	1	1	1_801090_801091_+
1	801190	0	1	1_801190_801191_+
1	801616	0	1	1_801616_801617_+
1	801819	0	1	1_801819_801820_+
1	801868	0	1	1_801868_801869_+
1	801875	0	1	1_801875_801876_+
1	801896	0	2	1_801896_801897_+
1	802386	0	3	1_802386_802387_+
1	804992	0	3	1_804992_804993_+
1	804999	0	5	1_804999_805000_+
1	805102	0	1	1_805102_805103_+
1	805158	0	1	1_805158_805159_+
1	805201	0	1	1_805201_805202_+
1	805228	0	1	1_805228_805229_+
1	805230	0	1	1_805230_805231_+
1	805273	0	1	1_805273_805274_+
1	805289	0	1	1_805289_805290_+
1	805295	0	1	1_805295_805296_+
1	805341	0	2	1_805341_805342_+
1	805352	0	1	1_805352_805353_+
1	805428	0	2	1_805428_805429_+
1	805434	0	3	1_805434_805435_+
1	805436	0	2	1_805436_805437_+
1	805444	0	1	1_805444_805445_+
1	805474	0	2	1_805474_805475_+
1	805477	0	3	1_805477_805478_+
1	805479	0	3	1_805479_805480_+
1	805484	0	4	1_805484_805485_+
1	805519	0	1	1_805519_805520_+
1	805522	0	1	1_805522_805523_+
1	805573	0	1	1_805573_805574_+
1	805604	0	2	1_805604_805605_+
1	805606	0	2	1_805606_805607_+
1	805616	0	2	1_805616_805617_+
1	805627	0	2	1_805627_805628_+
1	805746	0	2	1_805746_805747_+
1	806051	0	1	1_806051_806052_+
1	806231	0	3	1_806231_806232_+
1	806521	0	1	1_806521_806522_+
1	808562	0	1	1_808562_808563_+
1	808584	0	1	1_808584_808585_+
1	808748	0	1	1_808748_808749_+
1	809301	0	1	1_809301_809302_+
1	809642	0	1	1_809642_809643_+
1	810599	0	1	1_810599_810600_+
1	810603	0	1	1_810603_810604_+
1	811166	0	1	1_811166_811167_+
1	811492	0	1	1_811492_811493_+
1	811559	0	1	1_811559_811560_+
1	811745	0	4	1_811745_811746_+
1	811775	0	1	1_811775_811776_+
1	812350	0	2	1_812350_812351_+
1	813956	0	1	1_813956_813957_+
1	814887	0	1	1_814887_814888_+
1	814896	0	1	1_814896_814897_+
1	814913	0	1	1_814913_814914_+
1	817520	0	1	1_817520_817521_+
1	818444	0	3	1_818444_818445_+
1	820609	0	1	1_820609_820610_+
1	821972	0	1	1_821972_821973_+
1	824091	0	1	1_824091_824092_+
1	825626	0	1	1_825626_825627_+
1	825735	0	1	1_825735_825736_+
1	825987	0	1	1_825987_825988_+
1	826834	0	2	1_826834_826835_+
1	827468	0	2	1_827468_827469_+
1	828846	0	3	1_828846_828847_+
1	829301	0	1	1_829301_829302_+
1	829386	0	2	1_829386_829387_+
1	829660	0	1	1_829660_829661_+
1	829665	0	1	1_829665_829666_+
1	829787	0	3	1_829787_829788_+
1	830411	0	1	1_830411_830412_+
1	830935	0	1	1_830935_830936_+
1	832830	0	3	1_832830_832831_+
1	833196	0	1	1_833196_833197_+
1	833297	0	2	1_833297_833298_+
1	833514	0	1	1_833514_833515_+
1	833536	0	1	1_833536_833537_+
1	833555	0	1	1_833555_833556_+
1	833572	0	1	1_833572_833573_+
1	833593	0	2	1_833593_833594_+
1	833786	0	1	1_833786_833787_+
1	833906	0	1	1_833906_833907_+
1	833923	0	2	1_833923_833924_+
1	834247	0	1	1_834247_834248_+
1	834259	0	1	1_834259_834260_+
1	834276	0	1	1_834276_834277_+
1	834295	0	3	1_834295_834296_+
1	834330	0	2	1_834330_834331_+
1	834338	0	1	1_834338_834339_+
1	834356	0	1	1_834356_834357_+
1	834358	0	1	1_834358_834359_+
1	834475	0	1	1_834475_834476_+
1	834596	0	1	1_834596_834597_+
1	834767	0	1	1_834767_834768_+
1	834795	0	1	1_834795_834796_+
1	834914	0	1	1_834914_834915_+
1	834978	0	1	1_834978_834979_+
1	835044	0	1	1_835044_835045_+
1	835124	0	2	1_835124_835125_+
1	835444	0	1	1_835444_835445_+
1	835736	0	1	1_835736_835737_+
1	835766	0	1	1_835766_835767_+
1	835923	0	1	1_835923_835924_+
1	836217	0	2	1_836217_836218_+
1	836472	0	1	1_836472_836473_+
1	836536	0	1	1_836536_836537_+
1	836578	0	1	1_836578_836579_+
1	836805	0	2	1_836805_836806_+
1	836997	0	2	1_836997_836998_+
1	837042	0	2	1_837042_837043_+
1	837234	0	1	1_837234_837235_+
1	837541	1	3	1_837541_837542_+
1	837603	0	1	1_837603_837604_+
1	837616	1	1	1_837616_837617_+
1	837852	0	2	1_837852_837853_+
1	837891	0	1	1_837891_837892_+
1	838049	0	1	1_838049_838050_+
1	838085	0	2	1_838085_838086_+
1	838108	0	2	1_838108_838109_+
1	838110	0	2	1_838110_838111_+
1	838285	0	1	1_838285_838286_+
1	838295	0	1	1_838295_838296_+
1	838302	0	1	1_838302_838303_+
1	838377	0	1	1_838377_838378_+
1	838379	0	1	1_838379_838380_+
1	838382	0	1	1_838382_838383_+
1	838395	0	2	1_838395_838396_+
1	838429	0	1	1_838429_838430_+
1	838435	0	2	1_838435_838436_+
1	838643	0	2	1_838643_838644_+
1	838761	0	1	1_838761_838762_+
1	838785	0	1	1_838785_838786_+
1	838873	0	1	1_838873_838874_+
1	838876	0	1	1_838876_838877_+
1	839106	0	2	1_839106_839107_+
1	839172	0	1	1_839172_839173_+
1	839349	0	1	1_839349_839350_+
1	839355	0	1	1_839355_839356_+
1	839435	0	1	1_839435_839436_+
1	839464	0	1	1_839464_839465_+
1	839508	0	1	1_839508_839509_+
1	839516	0	1	1_839516_839517_+
1	839575	0	1	1_839575_839576_+
1	839577	0	2	1_839577_839578_+
1	839695	0	1	1_839695_839696_+
1	839752	0	1	1_839752_839753_+
1	839780	0	1	1_839780_839781_+
1	839799	0	2	1_839799_839800_+
1	839805	0	2	1_839805_839806_+
1	840007	0	1	1_840007_840008_+
1	840079	0	1	1_840079_840080_+
1	840085	0	1	1_840085_840086_+
1	840089	0	1	1_840089_840090_+
1	840095	0	1	1_840095_840096_+
1	840107	0	1	1_840107_840108_+
1	840111	0	1	1_840111_840112_+
1	840142	0	1	1_840142_840143_+
1	840149	0	1	1_840149_840150_+
1	840162	0	1	1_840162_840163_+
1	840183	0	1	1_840183_840184_+
1	840190	0	1	1_840190_840191_+
1	840216	0	2	1_840216_840217_+
1	840219	0	2	1_840219_840220_+
1	840223	0	3	1_840223_840224_+
1	840231	0	1	1_840231_840232_+
1	840236	0	1	1_840236_840237_+
1	840239	0	1	1_840239_840240_+
1	840274	0	1	1_840274_840275_+
1	840279	0	1	1_840279_840280_+
1	840313	0	2	1_840313_840314_+
1	840316	0	2	1_840316_840317_+
1	840357	0	1	1_840357_840358_+
1	840365	1	2	1_840365_840366_+
1	840374	0	1	1_840374_840375_+
1	840394	0	1	1_840394_840395_+
1	840422	0	1	1_840422_840423_+
1	840504	0	2	1_840504_840505_+
1	840529	0	1	1_840529_840530_+
1	840723	0	1	1_840723_840724_+
1	840725	0	1	1_840725_840726_+
1	840733	0	1	1_840733_840734_+
1	840748	0	1	1_840748_840749_+
1	840750	0	1	1_840750_840751_+
1	840784	0	1	1_840784_840785_+
1	840801	0	2	1_840801_840802_+
1	840816	0	2	1_840816_840817_+
1	840820	0	1	1_840820_840821_+
1	840846	0	2	1_840846_840847_+
1	840848	0	2	1_840848_840849_+
1	840913	0	2	1_840913_840914_+
1	840917	0	1	1_840917_840918_+
1	840922	0	1	1_840922_840923_+
1	840944	0	2	1_840944_840945_+
1	841008	0	2	1_841008_841009_+
1	841028	0	1	1_841028_841029_+
1	841039	0	2	1_841039_841040_+
1	841067	0	1	1_841067_841068_+
1	841079	0	1	1_841079_841080_+
1	841145	0	1	1_841145_841146_+
1	841219	0	1	1_841219_841220_+
1	841289	0	1	1_841289_841290_+
1	841365	0	3	1_841365_841366_+
1	841404	0	1	1_841404_841405_+
1	841476	0	1	1_841476_841477_+
1	841761	0	1	1_841761_841762_+
1	841763	0	1	1_841763_841764_+
1	842039	0	1	1_842039_842040_+
1	842204	0	1	1_842204_842205_+
1	842209	0	2	1_842209_842210_+
1	842260	0	1	1_842260_842261_+
1	842294	0	1	1_842294_842295_+
1	842431	0	1	1_842431_842432_+
1	843221	0	2	1_843221_843222_+
1	843238	0	1	1_843238_843239_+
1	843491	0	1	1_843491_843492_+
1	845247	0	1	1_845247_845248_+
1	845251	0	1	1_845251_845252_+
1	845324	0	2	1_845324_845325_+
1	845408	0	2	1_845408_845409_+
1	845458	0	1	1_845458_845459_+
1	845462	0	1	1_845462_845463_+
1	845464	0	1	1_845464_845465_+
1	845467	0	1	1_845467_845468_+
1	845486	0	1	1_845486_845487_+
1	845489	0	1	1_845489_845490_+
1	845630	0	1	1_845630_845631_+
1	845632	0	1	1_845632_845633_+
1	845636	0	1	1_845636_845637_+
1	845690	0	2	1_845690_845691_+
1	845693	0	2	1_845693_845694_+
1	845696	0	1	1_845696_845697_+
1	845704	0	1	1_845704_845705_+
1	845718	0	1	1_845718_845719_+
1	845727	0	1	1_845727_845728_+
1	845752	0	2	1_845752_845753_+
1	845758	0	1	1_845758_845759_+
1	845810	0	1	1_845810_845811_+
1	845816	0	1	1_845816_845817_+
1	845991	0	1	1_845991_845992_+
1	846056	0	1	1_846056_846057_+
1	846142	0	2	1_846142_846143_+
1	846151	0	2	1_846151_846152_+
1	846209	0	1	1_846209_846210_+
1	846283	0	2	1_846283_846284_+
1	846299	0	1	1_846299_846300_+
1	846354	0	1	1_846354_846355_+
1	846637	0	1	1_846637_846638_+
1	846640	0	1	1_846640_846641_+
1	846744	0	1	1_846744_846745_+
1	846824	0	1	1_846824_846825_+
1	846857	0	1	1_846857_846858_+
1	847393	0	1	1_847393_847394_+
1	847457	0	2	1_847457_847458_+
1	847816	0	3	1_847816_847817_+
1	848052	0	2	1_848052_848053_+
1	848126	0	1	1_848126_848127_+
1	848256	0	1	1_848256_848257_+
1	848481	0	1	1_848481_848482_+
1	848609	0	2	1_848609_848610_+
1	848662	0	2	1_848662_848663_+
1	849084	0	2	1_849084_849085_+
1	849098	0	1	1_849098_849099_+
1	849137	0	1	1_849137_849138_+
1	849207	0	1	1_849207_849208_+
1	849413	0	1	1_849413_849414_+
1	849730	0	3	1_849730_849731_+
1	849751	0	1	1_849751_849752_+
1	850196	0	2	1_850196_850197_+
1	850252	0	1	1_850252_850253_+
1	850429	0	1	1_850429_850430_+
1	850704	0	2	1_850704_850705_+
1	850756	0	1	1_850756_850757_+
1	850762	0	1	1_850762_850763_+
1	850784	0	1	1_850784_850785_+
1	850906	0	1	1_850906_850907_+
1	850928	0	2	1_850928_850929_+
1	850936	0	2	1_850936_850937_+
1	851008	0	1	1_851008_851009_+
1	851379	0	1	1_851379_851380_+
1	851619	0	1	1_851619_851620_+
