#chrom	genomicpos	deaminated	total	bedcoord
1	10471	0	5	1_10471_10472_+
1	10484	0	3	1_10484_10485_+
1	10497	0	2	1_10497_10498_+
1	10525	1	8	1_10525_10526_+
1	10563	0	1	1_10563_10564_+
1	10571	0	1	1_10571_10572_+
1	10577	0	2	1_10577_10578_+
1	17478	0	7	1_17478_17479_+
1	17483	0	6	1_17483_17484_+
1	17492	0	7	1_17492_17493_+
1	51442	0	1	1_51442_51443_+
1	55907	0	1	1_55907_55908_+
1	62082	1	1	1_62082_62083_+
1	62277	0	2	1_62277_62278_+
1	69558	0	1	1_69558_69559_+
1	73228	0	1	1_73228_73229_+
1	91267	0	1	1_91267_91268_+
1	94860	0	1	1_94860_94861_+
1	102988	0	1	1_102988_102989_+
1	104196	0	1	1_104196_104197_+
1	104242	1	1	1_104242_104243_+
1	115672	0	1	1_115672_115673_+
1	135178	0	1	1_135178_135179_+
1	135217	0	2	1_135217_135218_+
1	135232	0	1	1_135232_135233_+
1	135252	0	1	1_135252_135253_+
1	136388	0	1	1_136388_136389_+
1	136473	0	1	1_136473_136474_+
1	136520	0	1	1_136520_136521_+
1	136522	1	1	1_136522_136523_+
1	136534	0	2	1_136534_136535_+
1	136766	0	1	1_136766_136767_+
1	136778	0	2	1_136778_136779_+
1	136815	0	1	1_136815_136816_+
1	136925	0	1	1_136925_136926_+
1	136944	0	2	1_136944_136945_+
1	136974	0	1	1_136974_136975_+
1	137157	0	1	1_137157_137158_+
1	139073	0	3	1_139073_139074_+
1	229621	0	1	1_229621_229622_+
1	229661	0	1	1_229661_229662_+
1	230018	0	2	1_230018_230019_+
1	233450	0	1	1_233450_233451_+
1	235122	0	1	1_235122_235123_+
1	241225	0	1	1_241225_241226_+
1	245480	0	1	1_245480_245481_+
1	267444	0	1	1_267444_267445_+
1	525463	0	1	1_525463_525464_+
1	525976	0	1	1_525976_525977_+
1	525983	0	1	1_525983_525984_+
1	526061	0	2	1_526061_526062_+
1	526065	0	3	1_526065_526066_+
1	526714	0	2	1_526714_526715_+
1	526763	0	2	1_526763_526764_+
1	534329	0	1	1_534329_534330_+
1	534343	0	1	1_534343_534344_+
1	534360	0	1	1_534360_534361_+
1	537528	0	1	1_537528_537529_+
1	540667	0	1	1_540667_540668_+
1	540750	1	2	1_540750_540751_+
1	540800	0	1	1_540800_540801_+
1	540808	0	1	1_540808_540809_+
1	540867	0	1	1_540867_540868_+
1	540869	0	1	1_540869_540870_+
1	544718	0	1	1_544718_544719_+
1	546129	0	1	1_546129_546130_+
1	562251	0	1	1_562251_562252_+
1	562257	1	1	1_562257_562258_+
1	564471	0	4	1_564471_564472_+
1	564501	0	1	1_564501_564502_+
1	564516	0	1	1_564516_564517_+
1	564676	0	1	1_564676_564677_+
1	564691	0	1	1_564691_564692_+
1	564925	0	1	1_564925_564926_+
1	566459	0	1	1_566459_566460_+
1	566462	0	1	1_566462_566463_+
1	566813	0	2	1_566813_566814_+
1	567014	0	1	1_567014_567015_+
1	567122	0	1	1_567122_567123_+
1	567501	1	2	1_567501_567502_+
1	567563	0	1	1_567563_567564_+
1	567756	0	1	1_567756_567757_+
1	567776	0	1	1_567776_567777_+
1	568343	0	1	1_568343_568344_+
1	568400	0	1	1_568400_568401_+
1	568409	0	1	1_568409_568410_+
1	568460	0	1	1_568460_568461_+
1	568469	0	2	1_568469_568470_+
1	568475	0	1	1_568475_568476_+
1	568529	0	1	1_568529_568530_+
1	568698	0	2	1_568698_568699_+
1	568715	1	3	1_568715_568716_+
1	569942	0	1	1_569942_569943_+
1	570037	0	1	1_570037_570038_+
1	592297	0	1	1_592297_592298_+
1	592317	0	2	1_592317_592318_+
1	604103	0	1	1_604103_604104_+
1	625472	0	1	1_625472_625473_+
1	637725	0	1	1_637725_637726_+
1	637754	0	1	1_637754_637755_+
1	662706	0	1	1_662706_662707_+
1	682408	0	1	1_682408_682409_+
1	689390	0	1	1_689390_689391_+
1	700490	0	1	1_700490_700491_+
1	700602	0	1	1_700602_700603_+
1	701859	1	1	1_701859_701860_+
1	705751	0	1	1_705751_705752_+
1	705761	0	1	1_705761_705762_+
1	705907	0	2	1_705907_705908_+
1	706375	0	1	1_706375_706376_+
1	710099	0	3	1_710099_710100_+
1	710190	1	2	1_710190_710191_+
1	712545	0	4	1_712545_712546_+
1	712585	1	6	1_712585_712586_+
1	712987	0	1	1_712987_712988_+
1	712995	0	1	1_712995_712996_+
1	713105	1	2	1_713105_713106_+
1	713113	0	1	1_713113_713114_+
1	713252	0	5	1_713252_713253_+
1	713293	0	8	1_713293_713294_+
1	713305	0	1	1_713305_713306_+
1	713388	0	3	1_713388_713389_+
1	713400	0	2	1_713400_713401_+
1	713481	1	1	1_713481_713482_+
1	713489	0	1	1_713489_713490_+
1	713901	0	2	1_713901_713902_+
1	713921	0	1	1_713921_713922_+
1	713985	0	3	1_713985_713986_+
1	714012	0	1	1_714012_714013_+
1	714021	0	2	1_714021_714022_+
1	714049	0	4	1_714049_714050_+
1	714052	0	4	1_714052_714053_+
1	714060	0	2	1_714060_714061_+
1	714071	0	3	1_714071_714072_+
1	714076	2	4	1_714076_714077_+
1	714083	0	2	1_714083_714084_+
1	714096	0	4	1_714096_714097_+
1	714137	0	8	1_714137_714138_+
1	714139	0	7	1_714139_714140_+
1	714167	0	4	1_714167_714168_+
1	714169	0	4	1_714169_714170_+
1	714177	0	5	1_714177_714178_+
1	714239	0	1	1_714239_714240_+
1	714254	0	1	1_714254_714255_+
1	714258	0	2	1_714258_714259_+
1	714261	0	3	1_714261_714262_+
1	714264	0	3	1_714264_714265_+
1	714292	0	6	1_714292_714293_+
1	714546	0	1	1_714546_714547_+
1	714565	0	7	1_714565_714566_+
1	714715	0	2	1_714715_714716_+
1	714723	0	2	1_714723_714724_+
1	715079	0	3	1_715079_715080_+
1	715083	0	4	1_715083_715084_+
1	715110	0	5	1_715110_715111_+
1	715121	0	3	1_715121_715122_+
1	715250	0	6	1_715250_715251_+
1	715277	0	2	1_715277_715278_+
1	715283	0	1	1_715283_715284_+
1	715389	0	4	1_715389_715390_+
1	715391	0	4	1_715391_715392_+
1	715414	0	5	1_715414_715415_+
1	715433	0	1	1_715433_715434_+
1	716050	0	1	1_716050_716051_+
1	716092	0	2	1_716092_716093_+
1	717601	0	4	1_717601_717602_+
1	718572	1	1	1_718572_718573_+
1	720695	0	1	1_720695_720696_+
1	721427	0	1	1_721427_721428_+
1	723701	0	1	1_723701_723702_+
1	723837	0	1	1_723837_723838_+
1	724240	0	7	1_724240_724241_+
1	724246	0	4	1_724246_724247_+
1	724260	1	5	1_724260_724261_+
1	724710	1	4	1_724710_724711_+
1	724806	0	4	1_724806_724807_+
1	725040	0	2	1_725040_725041_+
1	725056	0	2	1_725056_725057_+
1	725346	0	1	1_725346_725347_+
1	725615	0	1	1_725615_725616_+
1	725871	1	5	1_725871_725872_+
1	725986	0	2	1_725986_725987_+
1	726540	0	3	1_726540_726541_+
1	726570	0	4	1_726570_726571_+
1	726605	0	4	1_726605_726606_+
1	726734	0	5	1_726734_726735_+
1	726904	0	2	1_726904_726905_+
1	727204	0	5	1_727204_727205_+
1	728923	0	2	1_728923_728924_+
1	729339	0	1	1_729339_729340_+
1	729720	0	2	1_729720_729721_+
1	731292	0	1	1_731292_731293_+
1	732127	0	2	1_732127_732128_+
1	732173	0	1	1_732173_732174_+
1	734133	0	3	1_734133_734134_+
1	734327	1	1	1_734327_734328_+
1	737832	0	1	1_737832_737833_+
1	738211	1	1	1_738211_738212_+
1	739545	0	2	1_739545_739546_+
1	746796	0	1	1_746796_746797_+
1	748480	0	1	1_748480_748481_+
1	752495	0	2	1_752495_752496_+
1	752673	0	4	1_752673_752674_+
1	752747	0	7	1_752747_752748_+
1	753358	0	1	1_753358_753359_+
1	753370	0	2	1_753370_753371_+
1	753376	0	2	1_753376_753377_+
1	753379	0	3	1_753379_753380_+
1	753491	0	3	1_753491_753492_+
1	753666	0	4	1_753666_753667_+
1	753723	0	1	1_753723_753724_+
1	754108	0	5	1_754108_754109_+
1	754185	0	3	1_754185_754186_+
1	754244	0	1	1_754244_754245_+
1	754739	0	3	1_754739_754740_+
1	754820	0	1	1_754820_754821_+
1	754906	1	1	1_754906_754907_+
1	755209	0	1	1_755209_755210_+
1	755523	1	3	1_755523_755524_+
1	755728	0	5	1_755728_755729_+
1	755749	1	3	1_755749_755750_+
1	755798	0	2	1_755798_755799_+
1	755903	0	1	1_755903_755904_+
1	756395	1	3	1_756395_756396_+
1	756453	1	4	1_756453_756454_+
1	756518	0	1	1_756518_756519_+
1	756558	0	1	1_756558_756559_+
1	756640	0	4	1_756640_756641_+
1	756885	0	2	1_756885_756886_+
1	757039	0	2	1_757039_757040_+
1	757153	0	4	1_757153_757154_+
1	757199	1	3	1_757199_757200_+
1	757720	0	2	1_757720_757721_+
1	758163	0	2	1_758163_758164_+
1	758243	0	1	1_758243_758244_+
1	758350	0	2	1_758350_758351_+
1	758829	0	1	1_758829_758830_+
1	758945	0	5	1_758945_758946_+
1	760140	1	1	1_760140_760141_+
1	761370	1	3	1_761370_761371_+
1	762113	0	3	1_762113_762114_+
1	762179	0	5	1_762179_762180_+
1	762232	0	1	1_762232_762233_+
1	762244	0	1	1_762244_762245_+
1	762774	0	1	1_762774_762775_+
1	762776	0	1	1_762776_762777_+
1	762793	0	1	1_762793_762794_+
1	762809	0	1	1_762809_762810_+
1	762850	0	1	1_762850_762851_+
1	762865	0	3	1_762865_762866_+
1	762869	0	4	1_762869_762870_+
1	762882	0	3	1_762882_762883_+
1	762891	0	3	1_762891_762892_+
1	762912	0	1	1_762912_762913_+
1	762915	0	1	1_762915_762916_+
1	762919	0	1	1_762919_762920_+
1	762926	0	2	1_762926_762927_+
1	762933	0	1	1_762933_762934_+
1	762972	0	1	1_762972_762973_+
1	762977	0	2	1_762977_762978_+
1	762982	0	2	1_762982_762983_+
1	762987	0	1	1_762987_762988_+
1	762995	0	4	1_762995_762996_+
1	763005	0	2	1_763005_763006_+
1	764411	1	1	1_764411_764412_+
1	764421	0	1	1_764421_764422_+
1	766285	0	2	1_766285_766286_+
1	766328	0	1	1_766328_766329_+
1	766880	0	2	1_766880_766881_+
1	766946	0	1	1_766946_766947_+
1	767097	0	2	1_767097_767098_+
1	767220	0	1	1_767220_767221_+
1	767253	0	2	1_767253_767254_+
1	767493	0	1	1_767493_767494_+
1	767560	0	5	1_767560_767561_+
1	767605	0	1	1_767605_767606_+
1	767864	0	1	1_767864_767865_+
1	768049	0	1	1_768049_768050_+
1	768086	0	1	1_768086_768087_+
1	769174	0	1	1_769174_769175_+
1	769251	0	1	1_769251_769252_+
1	769271	0	2	1_769271_769272_+
1	769890	1	2	1_769890_769891_+
1	769893	1	6	1_769893_769894_+
1	770368	1	2	1_770368_770369_+
1	770390	0	3	1_770390_770391_+
1	771035	0	1	1_771035_771036_+
1	775674	0	1	1_775674_775675_+
1	776599	0	2	1_776599_776600_+
1	776644	0	1	1_776644_776645_+
1	776706	0	2	1_776706_776707_+
1	776977	0	2	1_776977_776978_+
1	777013	0	4	1_777013_777014_+
1	777046	0	3	1_777046_777047_+
1	777241	0	1	1_777241_777242_+
1	777244	0	2	1_777244_777245_+
1	777287	0	1	1_777287_777288_+
1	778111	0	4	1_778111_778112_+
1	778148	0	2	1_778148_778149_+
1	778269	0	5	1_778269_778270_+
1	778272	0	2	1_778272_778273_+
1	778288	0	2	1_778288_778289_+
1	778292	0	1	1_778292_778293_+
1	778443	0	3	1_778443_778444_+
1	778600	0	1	1_778600_778601_+
1	778743	0	1	1_778743_778744_+
1	778871	0	1	1_778871_778872_+
1	779548	2	5	1_779548_779549_+
1	779552	0	4	1_779552_779553_+
1	780101	1	3	1_780101_780102_+
1	780206	0	1	1_780206_780207_+
1	780325	0	3	1_780325_780326_+
1	780893	0	2	1_780893_780894_+
1	780901	0	1	1_780901_780902_+
1	782169	0	1	1_782169_782170_+
1	782245	0	6	1_782245_782246_+
1	782283	0	5	1_782283_782284_+
1	782862	0	1	1_782862_782863_+
1	783095	0	4	1_783095_783096_+
1	783128	1	3	1_783128_783129_+
1	784177	1	2	1_784177_784178_+
1	785059	0	4	1_785059_785060_+
1	785073	1	6	1_785073_785074_+
1	785223	1	4	1_785223_785224_+
1	785628	1	3	1_785628_785629_+
1	785635	0	3	1_785635_785636_+
1	785802	0	2	1_785802_785803_+
1	787421	0	1	1_787421_787422_+
1	787423	0	1	1_787423_787424_+
1	787643	0	1	1_787643_787644_+
1	788365	0	1	1_788365_788366_+
1	788373	0	2	1_788373_788374_+
1	788435	0	3	1_788435_788436_+
1	788487	0	2	1_788487_788488_+
1	788491	0	2	1_788491_788492_+
1	789259	0	1	1_789259_789260_+
1	789359	0	4	1_789359_789360_+
1	789876	0	3	1_789876_789877_+
1	789950	0	1	1_789950_789951_+
1	790035	0	2	1_790035_790036_+
1	790109	0	3	1_790109_790110_+
1	790463	0	3	1_790463_790464_+
1	790698	0	3	1_790698_790699_+
1	790748	0	1	1_790748_790749_+
1	791054	0	2	1_791054_791055_+
1	791543	0	1	1_791543_791544_+
1	791753	0	4	1_791753_791754_+
1	792126	0	7	1_792126_792127_+
1	792150	0	4	1_792150_792151_+
1	792185	0	3	1_792185_792186_+
1	792654	0	1	1_792654_792655_+
1	794230	0	1	1_794230_794231_+
1	794419	0	1	1_794419_794420_+
1	795036	0	3	1_795036_795037_+
1	795679	0	2	1_795679_795680_+
1	795725	0	2	1_795725_795726_+
1	796076	0	6	1_796076_796077_+
1	796203	0	1	1_796203_796204_+
1	796249	0	2	1_796249_796250_+
1	796328	0	4	1_796328_796329_+
1	796361	0	2	1_796361_796362_+
1	796521	0	1	1_796521_796522_+
1	797625	0	1	1_797625_797626_+
1	797785	0	3	1_797785_797786_+
1	799001	0	1	1_799001_799002_+
1	799085	0	1	1_799085_799086_+
1	799187	0	1	1_799187_799188_+
1	799550	0	3	1_799550_799551_+
1	799730	0	3	1_799730_799731_+
1	801090	0	1	1_801090_801091_+
1	801122	0	1	1_801122_801123_+
1	801190	0	1	1_801190_801191_+
1	801290	0	2	1_801290_801291_+
1	801595	1	7	1_801595_801596_+
1	801616	0	7	1_801616_801617_+
1	801819	0	1	1_801819_801820_+
1	801868	0	5	1_801868_801869_+
1	801875	0	3	1_801875_801876_+
1	801896	0	4	1_801896_801897_+
1	801916	0	5	1_801916_801917_+
1	801984	0	1	1_801984_801985_+
1	802327	0	1	1_802327_802328_+
1	802386	0	5	1_802386_802387_+
1	802523	0	1	1_802523_802524_+
1	802533	0	5	1_802533_802534_+
1	802584	1	3	1_802584_802585_+
1	802922	0	2	1_802922_802923_+
1	803078	0	1	1_803078_803079_+
1	804432	1	6	1_804432_804433_+
1	804912	0	1	1_804912_804913_+
1	804945	1	6	1_804945_804946_+
1	804992	1	5	1_804992_804993_+
1	804999	0	4	1_804999_805000_+
1	805102	0	5	1_805102_805103_+
1	805158	0	1	1_805158_805159_+
1	805201	0	1	1_805201_805202_+
1	805214	0	3	1_805214_805215_+
1	805228	0	2	1_805228_805229_+
1	805230	0	1	1_805230_805231_+
1	805244	0	1	1_805244_805245_+
1	805246	0	2	1_805246_805247_+
1	805252	0	3	1_805252_805253_+
1	805312	0	1	1_805312_805313_+
1	805314	0	1	1_805314_805315_+
1	805318	0	1	1_805318_805319_+
1	805320	0	1	1_805320_805321_+
1	805327	0	1	1_805327_805328_+
1	805341	0	2	1_805341_805342_+
1	805352	0	1	1_805352_805353_+
1	805403	0	1	1_805403_805404_+
1	805428	0	1	1_805428_805429_+
1	805434	0	1	1_805434_805435_+
1	805436	0	1	1_805436_805437_+
1	805444	0	5	1_805444_805445_+
1	805449	0	5	1_805449_805450_+
1	805467	0	3	1_805467_805468_+
1	805474	0	7	1_805474_805475_+
1	805477	0	7	1_805477_805478_+
1	805479	0	6	1_805479_805480_+
1	805484	0	6	1_805484_805485_+
1	805500	0	3	1_805500_805501_+
1	805519	0	3	1_805519_805520_+
1	805522	0	2	1_805522_805523_+
1	805538	0	5	1_805538_805539_+
1	805541	0	7	1_805541_805542_+
1	805554	0	3	1_805554_805555_+
1	805573	0	1	1_805573_805574_+
1	805604	0	9	1_805604_805605_+
1	805606	0	9	1_805606_805607_+
1	805616	0	3	1_805616_805617_+
1	805627	0	6	1_805627_805628_+
1	805746	0	5	1_805746_805747_+
1	805786	1	2	1_805786_805787_+
1	805942	0	2	1_805942_805943_+
1	806051	0	1	1_806051_806052_+
1	806120	0	1	1_806120_806121_+
1	808468	0	1	1_808468_808469_+
1	808584	0	2	1_808584_808585_+
1	808748	0	4	1_808748_808749_+
1	808946	1	2	1_808946_808947_+
1	809006	0	5	1_809006_809007_+
1	809450	1	4	1_809450_809451_+
1	809509	0	2	1_809509_809510_+
1	809590	0	1	1_809590_809591_+
1	809642	0	3	1_809642_809643_+
1	810095	0	1	1_810095_810096_+
1	810599	0	4	1_810599_810600_+
1	810603	0	2	1_810603_810604_+
1	811025	0	3	1_811025_811026_+
1	811166	0	3	1_811166_811167_+
1	811279	0	2	1_811279_811280_+
1	811285	0	7	1_811285_811286_+
1	811295	0	4	1_811295_811296_+
1	811348	0	1	1_811348_811349_+
1	811559	0	1	1_811559_811560_+
1	811745	0	11	1_811745_811746_+
1	811759	0	3	1_811759_811760_+
1	811775	0	5	1_811775_811776_+
1	812350	0	3	1_812350_812351_+
1	812539	0	1	1_812539_812540_+
1	812640	0	2	1_812640_812641_+
1	814048	0	2	1_814048_814049_+
1	814887	0	5	1_814887_814888_+
1	814896	0	3	1_814896_814897_+
1	814913	0	2	1_814913_814914_+
1	816074	0	2	1_816074_816075_+
1	820609	0	2	1_820609_820610_+
1	821972	0	5	1_821972_821973_+
1	822360	0	3	1_822360_822361_+
1	822553	1	5	1_822553_822554_+
1	824091	0	6	1_824091_824092_+
1	825626	0	1	1_825626_825627_+
1	825735	0	5	1_825735_825736_+
1	825987	0	3	1_825987_825988_+
1	826834	0	1	1_826834_826835_+
1	827204	0	5	1_827204_827205_+
1	827299	0	1	1_827299_827300_+
1	827468	0	2	1_827468_827469_+
1	828424	0	1	1_828424_828425_+
1	828846	0	6	1_828846_828847_+
1	829386	0	1	1_829386_829387_+
1	829660	0	1	1_829660_829661_+
1	829665	0	1	1_829665_829666_+
1	829787	0	3	1_829787_829788_+
1	830496	0	1	1_830496_830497_+
1	830533	0	1	1_830533_830534_+
1	830935	0	1	1_830935_830936_+
1	831537	0	1	1_831537_831538_+
1	832261	0	1	1_832261_832262_+
1	832479	0	3	1_832479_832480_+
1	832830	0	3	1_832830_832831_+
1	833157	0	3	1_833157_833158_+
1	833166	0	1	1_833166_833167_+
1	833196	0	5	1_833196_833197_+
1	833297	0	1	1_833297_833298_+
1	833469	0	1	1_833469_833470_+
1	833514	0	2	1_833514_833515_+
1	833536	0	2	1_833536_833537_+
1	833555	0	1	1_833555_833556_+
