#chrom	genomicpos	deaminated	total	bedcoord
1	10471	0	1	1_10471_10472_+
1	10484	0	3	1_10484_10485_+
1	10497	0	2	1_10497_10498_+
1	10525	0	8	1_10525_10526_+
1	10563	0	6	1_10563_10564_+
1	10571	1	7	1_10571_10572_+
1	10577	0	4	1_10577_10578_+
1	10589	0	2	1_10589_10590_+
1	17478	1	5	1_17478_17479_+
1	17483	0	4	1_17483_17484_+
1	17492	0	6	1_17492_17493_+
1	52015	0	1	1_52015_52016_+
1	54649	1	1	1_54649_54650_+
1	58447	0	4	1_58447_58448_+
1	62082	0	1	1_62082_62083_+
1	62140	0	1	1_62140_62141_+
1	62277	0	4	1_62277_62278_+
1	63322	0	1	1_63322_63323_+
1	73228	0	1	1_73228_73229_+
1	79787	0	1	1_79787_79788_+
1	91159	0	1	1_91159_91160_+
1	104196	0	1	1_104196_104197_+
1	121154	0	1	1_121154_121155_+
1	135178	1	2	1_135178_135179_+
1	135207	0	1	1_135207_135208_+
1	136618	0	1	1_136618_136619_+
1	136620	0	1	1_136620_136621_+
1	136632	0	1	1_136632_136633_+
1	136797	0	1	1_136797_136798_+
1	136911	0	1	1_136911_136912_+
1	139073	0	1	1_139073_139074_+
1	229621	0	1	1_229621_229622_+
1	229661	0	1	1_229661_229662_+
1	229665	0	1	1_229665_229666_+
1	233450	0	2	1_233450_233451_+
1	255896	0	1	1_255896_255897_+
1	534326	0	1	1_534326_534327_+
1	537496	0	1	1_537496_537497_+
1	537528	0	1	1_537528_537529_+
1	618466	0	1	1_618466_618467_+
1	626233	1	1	1_626233_626234_+
1	637725	0	1	1_637725_637726_+
1	637754	0	3	1_637754_637755_+
1	662706	0	2	1_662706_662707_+
1	700075	0	1	1_700075_700076_+
1	701859	0	1	1_701859_701860_+
1	704315	0	1	1_704315_704316_+
1	705870	1	7	1_705870_705871_+
1	705907	0	3	1_705907_705908_+
1	707095	0	1	1_707095_707096_+
1	708921	1	1	1_708921_708922_+
1	710099	0	2	1_710099_710100_+
1	710190	0	3	1_710190_710191_+
1	711204	0	1	1_711204_711205_+
1	712545	0	4	1_712545_712546_+
1	712585	0	2	1_712585_712586_+
1	712987	0	1	1_712987_712988_+
1	712995	0	2	1_712995_712996_+
1	713252	0	2	1_713252_713253_+
1	713293	0	2	1_713293_713294_+
1	713305	0	2	1_713305_713306_+
1	713317	0	1	1_713317_713318_+
1	713388	0	2	1_713388_713389_+
1	713400	0	1	1_713400_713401_+
1	713447	0	2	1_713447_713448_+
1	713449	0	2	1_713449_713450_+
1	713512	0	3	1_713512_713513_+
1	713901	0	2	1_713901_713902_+
1	713921	0	2	1_713921_713922_+
1	713985	0	1	1_713985_713986_+
1	714012	0	1	1_714012_714013_+
1	714021	0	2	1_714021_714022_+
1	714049	0	3	1_714049_714050_+
1	714052	0	3	1_714052_714053_+
1	714060	0	2	1_714060_714061_+
1	714071	0	2	1_714071_714072_+
1	714076	0	1	1_714076_714077_+
1	714096	0	3	1_714096_714097_+
1	714137	0	2	1_714137_714138_+
1	714139	0	2	1_714139_714140_+
1	714169	0	1	1_714169_714170_+
1	714177	0	1	1_714177_714178_+
1	714239	0	2	1_714239_714240_+
1	714254	0	2	1_714254_714255_+
1	714258	0	1	1_714258_714259_+
1	714264	0	1	1_714264_714265_+
1	714292	0	2	1_714292_714293_+
1	714300	0	2	1_714300_714301_+
1	714307	0	1	1_714307_714308_+
1	714313	0	1	1_714313_714314_+
1	714355	0	2	1_714355_714356_+
1	714362	0	2	1_714362_714363_+
1	714366	0	2	1_714366_714367_+
1	714532	0	2	1_714532_714533_+
1	714565	0	2	1_714565_714566_+
1	714715	0	2	1_714715_714716_+
1	715041	0	1	1_715041_715042_+
1	715079	0	1	1_715079_715080_+
1	715083	0	1	1_715083_715084_+
1	715110	0	6	1_715110_715111_+
1	715121	1	2	1_715121_715122_+
1	715250	1	5	1_715250_715251_+
1	715277	0	2	1_715277_715278_+
1	715283	0	2	1_715283_715284_+
1	715389	0	4	1_715389_715390_+
1	715391	0	4	1_715391_715392_+
1	715414	0	2	1_715414_715415_+
1	715433	0	1	1_715433_715434_+
1	715449	1	2	1_715449_715450_+
1	716050	0	2	1_716050_716051_+
1	716378	0	1	1_716378_716379_+
1	717601	0	4	1_717601_717602_+
1	718572	0	1	1_718572_718573_+
1	720695	0	1	1_720695_720696_+
1	723701	0	1	1_723701_723702_+
1	723837	0	3	1_723837_723838_+
1	724240	0	3	1_724240_724241_+
1	724246	1	4	1_724246_724247_+
1	724260	0	4	1_724260_724261_+
1	724641	0	2	1_724641_724642_+
1	724806	1	3	1_724806_724807_+
1	725040	0	1	1_725040_725041_+
1	725615	0	1	1_725615_725616_+
1	725871	0	5	1_725871_725872_+
1	725986	0	1	1_725986_725987_+
1	726540	0	2	1_726540_726541_+
1	726570	0	2	1_726570_726571_+
1	726605	0	2	1_726605_726606_+
1	726734	1	6	1_726734_726735_+
1	726904	0	1	1_726904_726905_+
1	727204	0	2	1_727204_727205_+
1	728290	0	2	1_728290_728291_+
1	728923	0	2	1_728923_728924_+
1	729339	1	1	1_729339_729340_+
1	729720	0	1	1_729720_729721_+
1	734133	0	2	1_734133_734134_+
1	736025	0	2	1_736025_736026_+
1	736073	0	1	1_736073_736074_+
1	738211	0	1	1_738211_738212_+
1	740743	0	1	1_740743_740744_+
1	741732	0	1	1_741732_741733_+
1	742348	0	2	1_742348_742349_+
1	747751	0	1	1_747751_747752_+
1	748480	0	2	1_748480_748481_+
1	748508	0	1	1_748508_748509_+
1	752495	0	1	1_752495_752496_+
1	752673	0	2	1_752673_752674_+
1	752696	0	4	1_752696_752697_+
1	752747	0	2	1_752747_752748_+
1	753358	0	1	1_753358_753359_+
1	753376	0	1	1_753376_753377_+
1	753379	0	2	1_753379_753380_+
1	753413	0	1	1_753413_753414_+
1	753491	0	3	1_753491_753492_+
1	753666	0	3	1_753666_753667_+
1	753723	0	1	1_753723_753724_+
1	754108	0	4	1_754108_754109_+
1	754137	0	2	1_754137_754138_+
1	754153	0	1	1_754153_754154_+
1	754185	0	1	1_754185_754186_+
1	754739	0	2	1_754739_754740_+
1	754820	0	2	1_754820_754821_+
1	754906	0	1	1_754906_754907_+
1	755209	0	1	1_755209_755210_+
1	755523	0	1	1_755523_755524_+
1	755728	0	1	1_755728_755729_+
1	755749	0	7	1_755749_755750_+
1	755798	0	3	1_755798_755799_+
1	756395	0	2	1_756395_756396_+
1	756453	1	2	1_756453_756454_+
1	756518	2	2	1_756518_756519_+
1	756558	0	3	1_756558_756559_+
1	756640	0	3	1_756640_756641_+
1	756885	0	2	1_756885_756886_+
1	757039	0	2	1_757039_757040_+
1	757153	0	3	1_757153_757154_+
1	757199	1	2	1_757199_757200_+
1	757720	0	3	1_757720_757721_+
1	758163	0	3	1_758163_758164_+
1	758243	0	5	1_758243_758244_+
1	758350	0	5	1_758350_758351_+
1	758628	0	3	1_758628_758629_+
1	758829	0	2	1_758829_758830_+
1	758945	0	2	1_758945_758946_+
1	759844	0	1	1_759844_759845_+
1	760408	0	1	1_760408_760409_+
1	761298	0	2	1_761298_761299_+
1	761370	0	4	1_761370_761371_+
1	762179	0	3	1_762179_762180_+
1	762232	0	2	1_762232_762233_+
1	762297	0	1	1_762297_762298_+
1	762774	0	1	1_762774_762775_+
1	762776	0	2	1_762776_762777_+
1	762793	0	2	1_762793_762794_+
1	762806	0	1	1_762806_762807_+
1	762809	0	2	1_762809_762810_+
1	762850	0	1	1_762850_762851_+
1	762865	0	2	1_762865_762866_+
1	762869	0	2	1_762869_762870_+
1	762891	0	2	1_762891_762892_+
1	762897	0	3	1_762897_762898_+
1	762915	0	1	1_762915_762916_+
1	762917	0	1	1_762917_762918_+
1	762919	0	1	1_762919_762920_+
1	762926	0	2	1_762926_762927_+
1	762933	0	1	1_762933_762934_+
1	762937	0	1	1_762937_762938_+
1	762966	0	2	1_762966_762967_+
1	762972	0	1	1_762972_762973_+
1	762987	0	2	1_762987_762988_+
1	762995	0	4	1_762995_762996_+
1	763005	0	1	1_763005_763006_+
1	763814	0	1	1_763814_763815_+
1	764411	0	1	1_764411_764412_+
1	764421	1	1	1_764421_764422_+
1	764722	0	1	1_764722_764723_+
1	765531	0	1	1_765531_765532_+
1	766880	0	4	1_766880_766881_+
1	766946	0	1	1_766946_766947_+
1	767097	0	6	1_767097_767098_+
1	767220	0	4	1_767220_767221_+
1	767253	0	2	1_767253_767254_+
1	767493	1	1	1_767493_767494_+
1	767560	0	3	1_767560_767561_+
1	767605	0	2	1_767605_767606_+
1	767864	0	1	1_767864_767865_+
1	768049	0	5	1_768049_768050_+
1	768086	0	2	1_768086_768087_+
1	768181	0	2	1_768181_768182_+
1	768550	0	1	1_768550_768551_+
1	769271	0	2	1_769271_769272_+
1	769890	0	2	1_769890_769891_+
1	769893	0	2	1_769893_769894_+
1	769950	0	2	1_769950_769951_+
1	770368	0	3	1_770368_770369_+
1	770390	0	3	1_770390_770391_+
1	771035	0	1	1_771035_771036_+
1	771076	1	3	1_771076_771077_+
1	771741	0	1	1_771741_771742_+
1	772322	0	1	1_772322_772323_+
1	772383	0	1	1_772383_772384_+
1	772957	0	1	1_772957_772958_+
1	773936	0	2	1_773936_773937_+
1	775674	0	2	1_775674_775675_+
1	776599	0	3	1_776599_776600_+
1	776644	0	3	1_776644_776645_+
1	776706	0	1	1_776706_776707_+
1	776861	0	2	1_776861_776862_+
1	776977	0	2	1_776977_776978_+
1	777013	0	3	1_777013_777014_+
1	777241	0	2	1_777241_777242_+
1	777244	0	1	1_777244_777245_+
1	777287	0	2	1_777287_777288_+
1	778111	0	2	1_778111_778112_+
1	778269	0	1	1_778269_778270_+
1	778288	0	2	1_778288_778289_+
1	778292	0	2	1_778292_778293_+
1	778330	0	1	1_778330_778331_+
1	778743	1	3	1_778743_778744_+
1	778777	0	2	1_778777_778778_+
1	778780	0	3	1_778780_778781_+
1	779548	1	5	1_779548_779549_+
1	779552	0	4	1_779552_779553_+
1	779582	0	3	1_779582_779583_+
1	780086	0	1	1_780086_780087_+
1	780101	0	1	1_780101_780102_+
1	780206	0	3	1_780206_780207_+
1	780325	0	3	1_780325_780326_+
1	780893	0	1	1_780893_780894_+
1	782169	0	2	1_782169_782170_+
1	782245	0	3	1_782245_782246_+
1	782283	1	1	1_782283_782284_+
1	782862	0	2	1_782862_782863_+
1	783005	0	2	1_783005_783006_+
1	783128	0	2	1_783128_783129_+
1	784177	0	1	1_784177_784178_+
1	784411	0	2	1_784411_784412_+
1	785059	0	2	1_785059_785060_+
1	785073	0	1	1_785073_785074_+
1	785223	0	2	1_785223_785224_+
1	785592	0	3	1_785592_785593_+
1	785628	0	1	1_785628_785629_+
1	785635	0	1	1_785635_785636_+
1	785802	0	2	1_785802_785803_+
1	786887	0	1	1_786887_786888_+
1	786896	0	1	1_786896_786897_+
1	787421	0	1	1_787421_787422_+
1	787423	0	1	1_787423_787424_+
1	787643	0	1	1_787643_787644_+
1	788373	0	1	1_788373_788374_+
1	788487	0	3	1_788487_788488_+
1	788491	0	3	1_788491_788492_+
1	788503	0	1	1_788503_788504_+
1	788916	0	1	1_788916_788917_+
1	789207	0	1	1_789207_789208_+
1	789210	0	1	1_789210_789211_+
1	789232	0	1	1_789232_789233_+
1	789359	0	3	1_789359_789360_+
1	789876	1	2	1_789876_789877_+
1	789950	0	2	1_789950_789951_+
1	790025	0	5	1_790025_790026_+
1	790109	0	1	1_790109_790110_+
1	790399	0	1	1_790399_790400_+
1	790432	0	3	1_790432_790433_+
1	790463	0	3	1_790463_790464_+
1	790698	0	4	1_790698_790699_+
1	790748	0	2	1_790748_790749_+
1	791054	0	2	1_791054_791055_+
1	791543	0	1	1_791543_791544_+
1	791753	0	4	1_791753_791754_+
1	791869	0	2	1_791869_791870_+
1	792126	0	4	1_792126_792127_+
1	792150	0	1	1_792150_792151_+
1	792185	0	2	1_792185_792186_+
1	792496	0	1	1_792496_792497_+
1	792654	0	2	1_792654_792655_+
1	793920	0	1	1_793920_793921_+
1	793962	0	1	1_793962_793963_+
1	794230	0	1	1_794230_794231_+
1	795036	0	1	1_795036_795037_+
1	795679	0	3	1_795679_795680_+
1	795725	0	2	1_795725_795726_+
1	796076	0	1	1_796076_796077_+
1	796203	0	2	1_796203_796204_+
1	796249	0	1	1_796249_796250_+
1	796328	0	2	1_796328_796329_+
1	796361	0	1	1_796361_796362_+
1	797625	0	1	1_797625_797626_+
1	797785	0	1	1_797785_797786_+
1	799001	0	1	1_799001_799002_+
1	799187	0	1	1_799187_799188_+
1	799550	0	1	1_799550_799551_+
1	799730	0	3	1_799730_799731_+
1	801190	0	1	1_801190_801191_+
1	801290	0	2	1_801290_801291_+
1	801595	1	4	1_801595_801596_+
1	801616	1	6	1_801616_801617_+
1	801819	0	4	1_801819_801820_+
1	801850	0	5	1_801850_801851_+
1	801868	0	2	1_801868_801869_+
1	801875	0	2	1_801875_801876_+
1	801896	0	2	1_801896_801897_+
1	801916	0	3	1_801916_801917_+
1	802327	0	1	1_802327_802328_+
1	802386	1	2	1_802386_802387_+
1	802484	0	3	1_802484_802485_+
1	802523	0	3	1_802523_802524_+
1	802533	0	2	1_802533_802534_+
1	802584	0	1	1_802584_802585_+
1	802819	0	4	1_802819_802820_+
1	802922	0	3	1_802922_802923_+
1	804432	1	3	1_804432_804433_+
1	804912	0	3	1_804912_804913_+
1	804945	1	3	1_804945_804946_+
1	804992	0	2	1_804992_804993_+
1	804999	0	2	1_804999_805000_+
1	805102	0	4	1_805102_805103_+
1	805158	0	2	1_805158_805159_+
1	805199	0	4	1_805199_805200_+
1	805201	0	4	1_805201_805202_+
1	805214	0	2	1_805214_805215_+
1	805228	0	4	1_805228_805229_+
1	805230	0	2	1_805230_805231_+
1	805244	0	3	1_805244_805245_+
1	805246	0	3	1_805246_805247_+
1	805252	0	3	1_805252_805253_+
1	805273	0	1	1_805273_805274_+
1	805312	0	2	1_805312_805313_+
1	805314	0	1	1_805314_805315_+
1	805318	0	1	1_805318_805319_+
1	805341	0	2	1_805341_805342_+
1	805352	0	1	1_805352_805353_+
1	805377	0	2	1_805377_805378_+
1	805382	0	2	1_805382_805383_+
1	805403	0	1	1_805403_805404_+
1	805428	0	4	1_805428_805429_+
1	805434	0	3	1_805434_805435_+
1	805436	0	2	1_805436_805437_+
1	805444	0	1	1_805444_805445_+
1	805449	0	4	1_805449_805450_+
1	805467	0	8	1_805467_805468_+
1	805474	0	8	1_805474_805475_+
1	805477	0	4	1_805477_805478_+
1	805479	0	4	1_805479_805480_+
1	805519	0	3	1_805519_805520_+
1	805538	1	3	1_805538_805539_+
1	805541	0	4	1_805541_805542_+
1	805554	1	4	1_805554_805555_+
1	805573	0	1	1_805573_805574_+
1	805604	0	5	1_805604_805605_+
1	805606	0	6	1_805606_805607_+
1	805616	0	6	1_805616_805617_+
1	805627	0	4	1_805627_805628_+
1	805746	0	4	1_805746_805747_+
1	805786	0	3	1_805786_805787_+
1	805942	0	1	1_805942_805943_+
1	806051	0	3	1_806051_806052_+
1	806120	0	1	1_806120_806121_+
1	806231	0	2	1_806231_806232_+
1	806521	0	2	1_806521_806522_+
1	807409	2	2	1_807409_807410_+
1	808457	0	1	1_808457_808458_+
1	808468	1	1	1_808468_808469_+
1	808562	0	2	1_808562_808563_+
1	809006	0	2	1_809006_809007_+
1	809145	0	1	1_809145_809146_+
1	809332	0	1	1_809332_809333_+
1	809450	0	5	1_809450_809451_+
1	809565	0	1	1_809565_809566_+
1	810599	0	5	1_810599_810600_+
1	810603	1	6	1_810603_810604_+
1	811025	0	2	1_811025_811026_+
1	811166	0	3	1_811166_811167_+
1	811279	0	2	1_811279_811280_+
1	811285	0	2	1_811285_811286_+
1	811348	0	2	1_811348_811349_+
1	811465	0	2	1_811465_811466_+
1	811492	0	1	1_811492_811493_+
1	811559	0	1	1_811559_811560_+
1	811745	0	4	1_811745_811746_+
1	811759	0	1	1_811759_811760_+
1	811775	0	3	1_811775_811776_+
1	812350	0	3	1_812350_812351_+
1	812539	0	2	1_812539_812540_+
1	812640	0	2	1_812640_812641_+
1	814048	0	1	1_814048_814049_+
1	814896	0	4	1_814896_814897_+
1	814913	0	7	1_814913_814914_+
1	816074	0	5	1_816074_816075_+
1	820609	0	1	1_820609_820610_+
1	821972	0	2	1_821972_821973_+
1	822360	0	1	1_822360_822361_+
1	822553	1	3	1_822553_822554_+
1	824091	0	3	1_824091_824092_+
1	825735	1	4	1_825735_825736_+
1	825987	0	2	1_825987_825988_+
1	826988	0	1	1_826988_826989_+
1	827204	0	3	1_827204_827205_+
1	827299	0	2	1_827299_827300_+
1	827468	0	4	1_827468_827469_+
1	828424	0	3	1_828424_828425_+
1	828846	0	4	1_828846_828847_+
1	829386	0	2	1_829386_829387_+
1	829665	0	1	1_829665_829666_+
1	829787	0	5	1_829787_829788_+
1	830533	0	2	1_830533_830534_+
1	831537	0	1	1_831537_831538_+
1	832479	0	3	1_832479_832480_+
1	832619	0	1	1_832619_832620_+
1	832830	0	2	1_832830_832831_+
1	833157	0	2	1_833157_833158_+
1	833166	0	2	1_833166_833167_+
1	833196	0	6	1_833196_833197_+
1	833297	0	3	1_833297_833298_+
1	833347	0	4	1_833347_833348_+
1	833514	0	4	1_833514_833515_+
1	833536	0	3	1_833536_833537_+
1	833565	0	1	1_833565_833566_+
1	833572	0	1	1_833572_833573_+
1	833593	0	5	1_833593_833594_+
1	833786	0	5	1_833786_833787_+
1	833806	0	3	1_833806_833807_+
1	833868	0	4	1_833868_833869_+
1	833896	0	1	1_833896_833897_+
1	834183	0	2	1_834183_834184_+
1	834247	0	5	1_834247_834248_+
1	834259	0	3	1_834259_834260_+
1	834276	1	2	1_834276_834277_+
1	834295	1	3	1_834295_834296_+
1	834330	0	1	1_834330_834331_+
1	834338	1	6	1_834338_834339_+
1	834356	0	4	1_834356_834357_+
1	834358	0	6	1_834358_834359_+
1	834555	0	1	1_834555_834556_+
1	834697	0	2	1_834697_834698_+
1	834703	0	4	1_834703_834704_+
1	834767	0	4	1_834767_834768_+
1	834795	0	4	1_834795_834796_+
1	834914	0	7	1_834914_834915_+
1	834978	0	1	1_834978_834979_+
1	835044	0	1	1_835044_835045_+
1	835124	1	4	1_835124_835125_+
1	835444	2	10	1_835444_835445_+
1	835736	0	7	1_835736_835737_+
1	835766	0	5	1_835766_835767_+
1	835923	0	2	1_835923_835924_+
1	836204	0	2	1_836204_836205_+
1	836217	0	2	1_836217_836218_+
1	836295	2	5	1_836295_836296_+
1	836472	0	2	1_836472_836473_+
1	836518	1	5	1_836518_836519_+
1	836536	0	4	1_836536_836537_+
1	836578	0	3	1_836578_836579_+
1	836805	0	2	1_836805_836806_+
1	836872	0	3	1_836872_836873_+
1	836967	0	6	1_836967_836968_+
1	836997	0	3	1_836997_836998_+
1	837042	1	5	1_837042_837043_+
1	837234	0	1	1_837234_837235_+
