#chrom	genomicpos	deaminated	total	bedcoord
1	10471	0	9	1_10471_10472_+
1	10484	0	5	1_10484_10485_+
1	10497	1	7	1_10497_10498_+
1	10525	1	19	1_10525_10526_+
1	10563	0	4	1_10563_10564_+
1	10571	0	4	1_10571_10572_+
1	10577	0	3	1_10577_10578_+
1	10589	0	4	1_10589_10590_+
1	10609	0	1	1_10609_10610_+
1	14954	0	1	1_14954_14955_+
1	17478	0	9	1_17478_17479_+
1	17483	1	8	1_17483_17484_+
1	17492	0	8	1_17492_17493_+
1	17562	0	2	1_17562_17563_+
1	17584	0	1	1_17584_17585_+
1	20156	0	1	1_20156_20157_+
1	52244	0	1	1_52244_52245_+
1	62082	0	1	1_62082_62083_+
1	62096	0	1	1_62096_62097_+
1	62277	0	1	1_62277_62278_+
1	63322	0	1	1_63322_63323_+
1	73228	0	3	1_73228_73229_+
1	87723	1	1	1_87723_87724_+
1	91159	0	1	1_91159_91160_+
1	91267	1	1	1_91267_91268_+
1	102988	0	1	1_102988_102989_+
1	104196	0	1	1_104196_104197_+
1	109105	0	1	1_109105_109106_+
1	115672	0	1	1_115672_115673_+
1	119646	0	1	1_119646_119647_+
1	135178	0	3	1_135178_135179_+
1	135207	0	4	1_135207_135208_+
1	135217	0	1	1_135217_135218_+
1	135232	0	2	1_135232_135233_+
1	135252	0	5	1_135252_135253_+
1	136520	0	1	1_136520_136521_+
1	136522	0	1	1_136522_136523_+
1	136618	0	3	1_136618_136619_+
1	136620	0	3	1_136620_136621_+
1	136797	0	2	1_136797_136798_+
1	136911	0	1	1_136911_136912_+
1	136925	0	1	1_136925_136926_+
1	136974	0	1	1_136974_136975_+
1	137157	0	1	1_137157_137158_+
1	137190	0	2	1_137190_137191_+
1	137204	0	1	1_137204_137205_+
1	139073	0	1	1_139073_139074_+
1	230018	0	1	1_230018_230019_+
1	235122	0	1	1_235122_235123_+
1	255896	0	1	1_255896_255897_+
1	267444	0	1	1_267444_267445_+
1	324768	0	3	1_324768_324769_+
1	324771	0	3	1_324771_324772_+
1	525990	0	1	1_525990_525991_+
1	526061	1	2	1_526061_526062_+
1	526065	0	1	1_526065_526066_+
1	526714	0	1	1_526714_526715_+
1	529733	0	1	1_529733_529734_+
1	532017	1	1	1_532017_532018_+
1	533127	0	1	1_533127_533128_+
1	533220	0	2	1_533220_533221_+
1	533234	0	1	1_533234_533235_+
1	533243	0	1	1_533243_533244_+
1	533245	0	1	1_533245_533246_+
1	534190	0	2	1_534190_534191_+
1	534329	0	1	1_534329_534330_+
1	534790	0	1	1_534790_534791_+
1	536558	0	1	1_536558_536559_+
1	537496	0	2	1_537496_537497_+
1	540750	1	1	1_540750_540751_+
1	540825	0	3	1_540825_540826_+
1	540827	0	2	1_540827_540828_+
1	540837	0	1	1_540837_540838_+
1	540991	0	1	1_540991_540992_+
1	544811	0	1	1_544811_544812_+
1	564471	0	2	1_564471_564472_+
1	564501	0	1	1_564501_564502_+
1	564516	0	4	1_564516_564517_+
1	564895	0	1	1_564895_564896_+
1	564925	0	2	1_564925_564926_+
1	565949	0	2	1_565949_565950_+
1	566813	0	1	1_566813_566814_+
1	566879	0	1	1_566879_566880_+
1	566995	1	1	1_566995_566996_+
1	567501	0	1	1_567501_567502_+
1	567756	0	1	1_567756_567757_+
1	568400	1	1	1_568400_568401_+
1	568409	0	3	1_568409_568410_+
1	568469	0	1	1_568469_568470_+
1	568475	0	1	1_568475_568476_+
1	568668	0	1	1_568668_568669_+
1	568698	0	1	1_568698_568699_+
1	568715	0	2	1_568715_568716_+
1	569129	0	1	1_569129_569130_+
1	569271	0	2	1_569271_569272_+
1	571899	0	3	1_571899_571900_+
1	586161	1	1	1_586161_586162_+
1	586218	0	1	1_586218_586219_+
1	592317	0	3	1_592317_592318_+
1	601470	0	2	1_601470_601471_+
1	625472	0	1	1_625472_625473_+
1	637725	0	1	1_637725_637726_+
1	637754	0	3	1_637754_637755_+
1	657521	0	1	1_657521_657522_+
1	662555	0	2	1_662555_662556_+
1	662581	0	1	1_662581_662582_+
1	662645	0	1	1_662645_662646_+
1	662706	0	1	1_662706_662707_+
1	700075	0	1	1_700075_700076_+
1	700490	0	1	1_700490_700491_+
1	701859	0	1	1_701859_701860_+
1	702115	0	1	1_702115_702116_+
1	704315	0	5	1_704315_704316_+
1	705751	0	1	1_705751_705752_+
1	705907	1	5	1_705907_705908_+
1	707095	1	2	1_707095_707096_+
1	708921	0	2	1_708921_708922_+
1	710099	0	1	1_710099_710100_+
1	710190	0	2	1_710190_710191_+
1	710583	0	1	1_710583_710584_+
1	711299	0	1	1_711299_711300_+
1	712545	0	3	1_712545_712546_+
1	712585	0	1	1_712585_712586_+
1	712739	0	1	1_712739_712740_+
1	712987	1	1	1_712987_712988_+
1	712995	0	2	1_712995_712996_+
1	713113	0	1	1_713113_713114_+
1	713252	0	1	1_713252_713253_+
1	713293	0	2	1_713293_713294_+
1	713305	0	2	1_713305_713306_+
1	713317	0	2	1_713317_713318_+
1	713388	0	2	1_713388_713389_+
1	713400	0	3	1_713400_713401_+
1	713447	0	1	1_713447_713448_+
1	713449	0	2	1_713449_713450_+
1	713453	0	1	1_713453_713454_+
1	713901	0	2	1_713901_713902_+
1	713921	0	3	1_713921_713922_+
1	713985	0	3	1_713985_713986_+
1	714012	0	2	1_714012_714013_+
1	714021	0	2	1_714021_714022_+
1	714049	0	1	1_714049_714050_+
1	714052	0	2	1_714052_714053_+
1	714060	0	5	1_714060_714061_+
1	714071	0	3	1_714071_714072_+
1	714083	0	4	1_714083_714084_+
1	714096	0	4	1_714096_714097_+
1	714137	0	4	1_714137_714138_+
1	714139	0	4	1_714139_714140_+
1	714167	0	3	1_714167_714168_+
1	714169	0	3	1_714169_714170_+
1	714177	0	2	1_714177_714178_+
1	714198	0	1	1_714198_714199_+
1	714202	0	1	1_714202_714203_+
1	714239	0	1	1_714239_714240_+
1	714254	0	4	1_714254_714255_+
1	714258	0	2	1_714258_714259_+
1	714261	0	3	1_714261_714262_+
1	714264	0	5	1_714264_714265_+
1	714292	0	2	1_714292_714293_+
1	714300	0	2	1_714300_714301_+
1	714307	0	2	1_714307_714308_+
1	714313	0	1	1_714313_714314_+
1	714317	0	1	1_714317_714318_+
1	714348	0	1	1_714348_714349_+
1	714353	0	1	1_714353_714354_+
1	714355	0	1	1_714355_714356_+
1	714362	0	1	1_714362_714363_+
1	714366	0	1	1_714366_714367_+
1	714510	0	1	1_714510_714511_+
1	714520	0	1	1_714520_714521_+
1	714532	0	1	1_714532_714533_+
1	714546	0	1	1_714546_714547_+
1	714565	0	2	1_714565_714566_+
1	714660	0	3	1_714660_714661_+
1	714715	0	2	1_714715_714716_+
1	714723	0	2	1_714723_714724_+
1	715041	0	1	1_715041_715042_+
1	715079	0	2	1_715079_715080_+
1	715083	0	1	1_715083_715084_+
1	715110	0	7	1_715110_715111_+
1	715121	0	1	1_715121_715122_+
1	715250	0	4	1_715250_715251_+
1	715277	0	1	1_715277_715278_+
1	715283	0	1	1_715283_715284_+
1	715389	0	4	1_715389_715390_+
1	715391	0	5	1_715391_715392_+
1	715414	0	1	1_715414_715415_+
1	715433	2	4	1_715433_715434_+
1	715449	0	2	1_715449_715450_+
1	716050	0	1	1_716050_716051_+
1	716058	0	1	1_716058_716059_+
1	717601	1	5	1_717601_717602_+
1	718572	0	1	1_718572_718573_+
1	723701	0	2	1_723701_723702_+
1	723837	0	1	1_723837_723838_+
1	724240	0	6	1_724240_724241_+
1	724246	0	4	1_724246_724247_+
1	724260	1	6	1_724260_724261_+
1	724710	0	1	1_724710_724711_+
1	724806	0	4	1_724806_724807_+
1	725040	0	2	1_725040_725041_+
1	725056	1	1	1_725056_725057_+
1	725346	1	2	1_725346_725347_+
1	725871	1	6	1_725871_725872_+
1	725986	0	3	1_725986_725987_+
1	726540	0	1	1_726540_726541_+
1	726570	1	2	1_726570_726571_+
1	726734	0	6	1_726734_726735_+
1	726904	1	2	1_726904_726905_+
1	727204	0	1	1_727204_727205_+
1	728923	0	1	1_728923_728924_+
1	731292	0	1	1_731292_731293_+
1	732127	0	1	1_732127_732128_+
1	734133	0	3	1_734133_734134_+
1	734327	0	2	1_734327_734328_+
1	736025	0	1	1_736025_736026_+
1	736073	0	1	1_736073_736074_+
1	737832	0	1	1_737832_737833_+
1	738211	0	2	1_738211_738212_+
1	740743	0	1	1_740743_740744_+
1	740810	0	1	1_740810_740811_+
1	742234	0	2	1_742234_742235_+
1	742348	0	1	1_742348_742349_+
1	752454	0	2	1_752454_752455_+
1	752495	0	3	1_752495_752496_+
1	752673	0	2	1_752673_752674_+
1	752696	0	8	1_752696_752697_+
1	752747	0	5	1_752747_752748_+
1	753358	0	2	1_753358_753359_+
1	753376	0	1	1_753376_753377_+
1	753379	0	1	1_753379_753380_+
1	753491	0	1	1_753491_753492_+
1	753666	0	2	1_753666_753667_+
1	754137	0	5	1_754137_754138_+
1	754185	0	2	1_754185_754186_+
1	754739	0	3	1_754739_754740_+
1	754906	0	1	1_754906_754907_+
1	755209	0	1	1_755209_755210_+
1	755523	0	2	1_755523_755524_+
1	755728	0	3	1_755728_755729_+
1	755749	0	4	1_755749_755750_+
1	755798	0	1	1_755798_755799_+
1	755903	0	1	1_755903_755904_+
1	756395	0	2	1_756395_756396_+
1	756453	2	4	1_756453_756454_+
1	756518	0	5	1_756518_756519_+
1	756558	0	4	1_756558_756559_+
1	756640	1	4	1_756640_756641_+
1	756885	1	2	1_756885_756886_+
1	757039	1	3	1_757039_757040_+
1	757153	0	4	1_757153_757154_+
1	757199	0	4	1_757199_757200_+
1	757720	0	4	1_757720_757721_+
1	758163	0	1	1_758163_758164_+
1	758243	0	5	1_758243_758244_+
1	758350	0	2	1_758350_758351_+
1	758628	0	1	1_758628_758629_+
1	758829	0	3	1_758829_758830_+
1	760964	1	1	1_760964_760965_+
1	761298	0	1	1_761298_761299_+
1	761370	0	1	1_761370_761371_+
1	761459	0	2	1_761459_761460_+
1	762179	0	1	1_762179_762180_+
1	762232	0	1	1_762232_762233_+
1	762244	0	1	1_762244_762245_+
1	762738	0	1	1_762738_762739_+
1	762741	0	1	1_762741_762742_+
1	762759	0	1	1_762759_762760_+
1	762774	0	2	1_762774_762775_+
1	762776	0	2	1_762776_762777_+
1	762793	0	1	1_762793_762794_+
1	762806	0	2	1_762806_762807_+
1	762809	0	2	1_762809_762810_+
1	762850	0	2	1_762850_762851_+
1	762865	0	1	1_762865_762866_+
1	762869	0	2	1_762869_762870_+
1	762882	0	3	1_762882_762883_+
1	762891	0	2	1_762891_762892_+
1	762897	0	2	1_762897_762898_+
1	762912	0	3	1_762912_762913_+
1	762915	0	2	1_762915_762916_+
1	762917	0	2	1_762917_762918_+
1	762919	0	2	1_762919_762920_+
1	762926	0	2	1_762926_762927_+
1	762966	0	1	1_762966_762967_+
1	762972	0	1	1_762972_762973_+
1	762977	0	2	1_762977_762978_+
1	762982	0	1	1_762982_762983_+
1	762995	0	1	1_762995_762996_+
1	763005	0	2	1_763005_763006_+
1	763017	0	2	1_763017_763018_+
1	763025	0	1	1_763025_763026_+
1	763036	0	1	1_763036_763037_+
1	763038	0	1	1_763038_763039_+
1	763040	0	1	1_763040_763041_+
1	764411	0	2	1_764411_764412_+
1	766285	0	1	1_766285_766286_+
1	766880	0	1	1_766880_766881_+
1	767097	1	2	1_767097_767098_+
1	767220	0	1	1_767220_767221_+
1	767253	0	2	1_767253_767254_+
1	767493	1	3	1_767493_767494_+
1	767560	2	4	1_767560_767561_+
1	767605	0	2	1_767605_767606_+
1	767864	0	1	1_767864_767865_+
1	768049	0	4	1_768049_768050_+
1	768086	0	3	1_768086_768087_+
1	769174	0	2	1_769174_769175_+
1	769251	0	3	1_769251_769252_+
1	769271	0	3	1_769271_769272_+
1	769630	0	2	1_769630_769631_+
1	769890	0	2	1_769890_769891_+
1	769893	0	1	1_769893_769894_+
1	769950	0	1	1_769950_769951_+
1	770368	0	3	1_770368_770369_+
1	770390	0	4	1_770390_770391_+
1	770844	0	1	1_770844_770845_+
1	771035	0	1	1_771035_771036_+
1	771076	0	2	1_771076_771077_+
1	771741	0	1	1_771741_771742_+
1	771897	0	2	1_771897_771898_+
1	772322	0	1	1_772322_772323_+
1	772383	0	1	1_772383_772384_+
1	772957	0	1	1_772957_772958_+
1	773936	0	2	1_773936_773937_+
1	775766	0	1	1_775766_775767_+
1	776599	0	4	1_776599_776600_+
1	776644	0	2	1_776644_776645_+
1	776861	0	1	1_776861_776862_+
1	776977	0	1	1_776977_776978_+
1	777013	0	3	1_777013_777014_+
1	777046	0	1	1_777046_777047_+
1	777241	0	2	1_777241_777242_+
1	777244	0	2	1_777244_777245_+
1	777287	0	2	1_777287_777288_+
1	778111	0	4	1_778111_778112_+
1	778148	0	2	1_778148_778149_+
1	778269	0	2	1_778269_778270_+
1	778272	0	2	1_778272_778273_+
1	778288	0	4	1_778288_778289_+
1	778292	0	3	1_778292_778293_+
1	778330	0	1	1_778330_778331_+
1	778443	0	3	1_778443_778444_+
1	778743	0	1	1_778743_778744_+
1	778777	0	3	1_778777_778778_+
1	778780	0	2	1_778780_778781_+
1	779107	0	2	1_779107_779108_+
1	779548	0	2	1_779548_779549_+
1	779552	0	3	1_779552_779553_+
1	779582	1	2	1_779582_779583_+
1	780086	0	1	1_780086_780087_+
1	780101	1	2	1_780101_780102_+
1	780206	0	3	1_780206_780207_+
1	780325	1	5	1_780325_780326_+
1	780901	1	1	1_780901_780902_+
1	782169	0	3	1_782169_782170_+
1	782245	0	2	1_782245_782246_+
1	782862	0	2	1_782862_782863_+
1	783005	0	2	1_783005_783006_+
1	783095	0	1	1_783095_783096_+
1	783128	0	1	1_783128_783129_+
1	783169	0	1	1_783169_783170_+
1	783649	0	4	1_783649_783650_+
1	784177	0	1	1_784177_784178_+
1	784602	1	1	1_784602_784603_+
1	785059	0	3	1_785059_785060_+
1	785073	0	1	1_785073_785074_+
1	785223	0	1	1_785223_785224_+
1	785592	0	1	1_785592_785593_+
1	785628	0	3	1_785628_785629_+
1	785635	0	6	1_785635_785636_+
1	785722	0	1	1_785722_785723_+
1	785802	0	2	1_785802_785803_+
1	787643	0	1	1_787643_787644_+
1	788365	0	3	1_788365_788366_+
1	788373	0	3	1_788373_788374_+
1	788435	0	1	1_788435_788436_+
1	788487	0	1	1_788487_788488_+
1	788491	0	2	1_788491_788492_+
1	788503	0	1	1_788503_788504_+
1	788531	0	2	1_788531_788532_+
1	788533	1	2	1_788533_788534_+
1	789207	0	1	1_789207_789208_+
1	789210	0	1	1_789210_789211_+
1	789259	0	2	1_789259_789260_+
1	789359	0	3	1_789359_789360_+
1	789950	0	2	1_789950_789951_+
1	790025	0	3	1_790025_790026_+
1	790035	0	1	1_790035_790036_+
1	790109	0	3	1_790109_790110_+
1	790399	0	1	1_790399_790400_+
1	790463	0	3	1_790463_790464_+
1	790623	0	1	1_790623_790624_+
1	790698	0	2	1_790698_790699_+
1	790748	0	1	1_790748_790749_+
1	791543	0	1	1_791543_791544_+
1	791753	0	2	1_791753_791754_+
1	791869	0	1	1_791869_791870_+
1	792126	0	2	1_792126_792127_+
1	792185	0	2	1_792185_792186_+
1	793920	0	2	1_793920_793921_+
1	793962	0	3	1_793962_793963_+
1	794230	0	6	1_794230_794231_+
1	794419	0	1	1_794419_794420_+
1	795036	0	2	1_795036_795037_+
1	795679	0	2	1_795679_795680_+
1	795725	0	4	1_795725_795726_+
1	796076	0	1	1_796076_796077_+
1	796128	0	1	1_796128_796129_+
1	796162	0	2	1_796162_796163_+
1	796203	0	1	1_796203_796204_+
1	796249	0	1	1_796249_796250_+
1	796328	0	2	1_796328_796329_+
1	796361	0	6	1_796361_796362_+
1	796521	0	2	1_796521_796522_+
1	797625	0	2	1_797625_797626_+
1	797785	0	1	1_797785_797786_+
1	799001	0	1	1_799001_799002_+
1	799085	0	1	1_799085_799086_+
1	799187	0	2	1_799187_799188_+
1	799419	0	2	1_799419_799420_+
1	799550	0	2	1_799550_799551_+
1	799730	0	3	1_799730_799731_+
1	801122	0	2	1_801122_801123_+
1	801190	0	2	1_801190_801191_+
1	801290	0	3	1_801290_801291_+
1	801595	0	1	1_801595_801596_+
1	801616	0	4	1_801616_801617_+
1	801819	1	1	1_801819_801820_+
1	801850	0	1	1_801850_801851_+
1	801868	1	1	1_801868_801869_+
1	801875	0	2	1_801875_801876_+
1	801896	0	8	1_801896_801897_+
1	801916	0	7	1_801916_801917_+
1	802386	0	1	1_802386_802387_+
1	802484	0	3	1_802484_802485_+
1	802523	1	4	1_802523_802524_+
1	802533	0	3	1_802533_802534_+
1	802584	0	2	1_802584_802585_+
1	802819	0	1	1_802819_802820_+
1	802922	0	2	1_802922_802923_+
1	803428	0	1	1_803428_803429_+
1	804432	0	1	1_804432_804433_+
1	804945	0	2	1_804945_804946_+
1	804992	0	2	1_804992_804993_+
1	804999	0	2	1_804999_805000_+
1	805102	0	3	1_805102_805103_+
1	805158	0	2	1_805158_805159_+
1	805199	0	3	1_805199_805200_+
1	805201	0	2	1_805201_805202_+
1	805214	0	5	1_805214_805215_+
1	805228	0	4	1_805228_805229_+
1	805230	0	5	1_805230_805231_+
1	805244	0	3	1_805244_805245_+
1	805246	0	4	1_805246_805247_+
1	805252	0	5	1_805252_805253_+
1	805273	0	7	1_805273_805274_+
1	805281	0	3	1_805281_805282_+
1	805283	0	3	1_805283_805284_+
1	805289	0	3	1_805289_805290_+
1	805295	0	4	1_805295_805296_+
1	805312	0	4	1_805312_805313_+
1	805314	0	4	1_805314_805315_+
1	805318	0	3	1_805318_805319_+
1	805320	0	2	1_805320_805321_+
1	805327	0	1	1_805327_805328_+
1	805341	0	3	1_805341_805342_+
1	805352	0	4	1_805352_805353_+
1	805377	0	8	1_805377_805378_+
1	805382	0	8	1_805382_805383_+
1	805403	0	3	1_805403_805404_+
1	805411	0	2	1_805411_805412_+
1	805428	0	2	1_805428_805429_+
1	805434	0	4	1_805434_805435_+
1	805436	0	3	1_805436_805437_+
1	805444	0	4	1_805444_805445_+
1	805449	0	5	1_805449_805450_+
1	805467	0	10	1_805467_805468_+
1	805474	0	11	1_805474_805475_+
1	805477	0	11	1_805477_805478_+
1	805479	0	8	1_805479_805480_+
1	805484	0	8	1_805484_805485_+
1	805500	0	3	1_805500_805501_+
1	805519	0	3	1_805519_805520_+
1	805522	0	2	1_805522_805523_+
1	805538	0	3	1_805538_805539_+
1	805541	0	3	1_805541_805542_+
1	805554	0	8	1_805554_805555_+
1	805573	0	2	1_805573_805574_+
1	805604	0	6	1_805604_805605_+
1	805606	0	5	1_805606_805607_+
1	805616	0	5	1_805616_805617_+
1	805627	0	4	1_805627_805628_+
1	805746	0	4	1_805746_805747_+
1	805786	0	1	1_805786_805787_+
1	805942	0	4	1_805942_805943_+
1	806051	0	4	1_806051_806052_+
1	806120	1	2	1_806120_806121_+
