#chrom	genomicpos	deaminated	total	bedcoord
1	10525	0	3	1_10525_10526_+
1	16243	0	1	1_16243_16244_+
1	17478	0	1	1_17478_17479_+
1	17483	0	1	1_17483_17484_+
1	17492	0	2	1_17492_17493_+
1	51442	0	1	1_51442_51443_+
1	51851	0	1	1_51851_51852_+
1	51859	0	1	1_51859_51860_+
1	51969	0	1	1_51969_51970_+
1	51975	0	1	1_51975_51976_+
1	52053	0	1	1_52053_52054_+
1	54649	0	1	1_54649_54650_+
1	58447	0	2	1_58447_58448_+
1	61625	0	1	1_61625_61626_+
1	62277	0	1	1_62277_62278_+
1	67183	0	1	1_67183_67184_+
1	73951	0	1	1_73951_73952_+
1	77129	0	1	1_77129_77130_+
1	91159	0	1	1_91159_91160_+
1	94860	0	1	1_94860_94861_+
1	102988	0	3	1_102988_102989_+
1	115672	0	1	1_115672_115673_+
1	129556	0	1	1_129556_129557_+
1	133145	0	1	1_133145_133146_+
1	133180	0	1	1_133180_133181_+
1	135178	0	1	1_135178_135179_+
1	135207	0	1	1_135207_135208_+
1	135217	0	2	1_135217_135218_+
1	135232	0	1	1_135232_135233_+
1	136534	0	1	1_136534_136535_+
1	136618	0	2	1_136618_136619_+
1	136620	0	1	1_136620_136621_+
1	136669	1	2	1_136669_136670_+
1	136911	0	1	1_136911_136912_+
1	139073	0	1	1_139073_139074_+
1	229621	0	2	1_229621_229622_+
1	229661	0	1	1_229661_229662_+
1	229665	0	1	1_229665_229666_+
1	229759	0	1	1_229759_229760_+
1	230018	0	1	1_230018_230019_+
1	233450	0	1	1_233450_233451_+
1	235774	0	1	1_235774_235775_+
1	241193	0	1	1_241193_241194_+
1	241225	0	1	1_241225_241226_+
1	256460	0	1	1_256460_256461_+
1	526110	0	1	1_526110_526111_+
1	526114	0	1	1_526114_526115_+
1	531200	0	1	1_531200_531201_+
1	534326	0	1	1_534326_534327_+
1	534329	0	1	1_534329_534330_+
1	537496	0	1	1_537496_537497_+
1	540825	0	1	1_540825_540826_+
1	540827	0	1	1_540827_540828_+
1	540873	0	1	1_540873_540874_+
1	540875	1	1	1_540875_540876_+
1	540877	0	1	1_540877_540878_+
1	540881	0	1	1_540881_540882_+
1	561935	0	1	1_561935_561936_+
1	562049	0	1	1_562049_562050_+
1	562212	0	1	1_562212_562213_+
1	562257	0	1	1_562257_562258_+
1	566995	0	1	1_566995_566996_+
1	567122	0	1	1_567122_567123_+
1	567501	0	1	1_567501_567502_+
1	567549	0	1	1_567549_567550_+
1	568400	0	1	1_568400_568401_+
1	568475	0	1	1_568475_568476_+
1	569271	0	1	1_569271_569272_+
1	571899	0	2	1_571899_571900_+
1	571943	0	2	1_571943_571944_+
1	586218	0	1	1_586218_586219_+
1	592213	0	1	1_592213_592214_+
1	592281	0	1	1_592281_592282_+
1	625472	0	1	1_625472_625473_+
1	636747	0	1	1_636747_636748_+
1	662645	0	1	1_662645_662646_+
1	662657	0	1	1_662657_662658_+
1	667325	0	1	1_667325_667326_+
1	693241	1	2	1_693241_693242_+
1	700468	0	1	1_700468_700469_+
1	704315	0	1	1_704315_704316_+
1	705870	0	1	1_705870_705871_+
1	706301	0	1	1_706301_706302_+
1	707095	0	1	1_707095_707096_+
1	709215	0	1	1_709215_709216_+
1	710099	0	2	1_710099_710100_+
1	710190	0	1	1_710190_710191_+
1	710480	0	1	1_710480_710481_+
1	710583	0	2	1_710583_710584_+
1	711171	0	1	1_711171_711172_+
1	711204	0	2	1_711204_711205_+
1	711299	0	1	1_711299_711300_+
1	712545	0	3	1_712545_712546_+
1	712739	0	1	1_712739_712740_+
1	712987	0	1	1_712987_712988_+
1	712995	0	1	1_712995_712996_+
1	713293	0	1	1_713293_713294_+
1	713388	0	1	1_713388_713389_+
1	713400	0	1	1_713400_713401_+
1	713447	0	2	1_713447_713448_+
1	713449	0	1	1_713449_713450_+
1	713453	0	1	1_713453_713454_+
1	713512	0	1	1_713512_713513_+
1	713921	0	1	1_713921_713922_+
1	713985	0	1	1_713985_713986_+
1	714012	0	2	1_714012_714013_+
1	714021	0	1	1_714021_714022_+
1	714049	0	2	1_714049_714050_+
1	714052	0	2	1_714052_714053_+
1	714060	0	3	1_714060_714061_+
1	714071	0	1	1_714071_714072_+
1	714076	0	1	1_714076_714077_+
1	714083	0	2	1_714083_714084_+
1	714096	0	2	1_714096_714097_+
1	714137	0	2	1_714137_714138_+
1	714139	0	1	1_714139_714140_+
1	714167	0	1	1_714167_714168_+
1	714169	0	1	1_714169_714170_+
1	714177	0	1	1_714177_714178_+
1	714239	0	1	1_714239_714240_+
1	714338	0	1	1_714338_714339_+
1	714546	0	1	1_714546_714547_+
1	715079	0	1	1_715079_715080_+
1	715110	0	4	1_715110_715111_+
1	715121	0	2	1_715121_715122_+
1	715250	0	1	1_715250_715251_+
1	715277	0	1	1_715277_715278_+
1	715283	0	1	1_715283_715284_+
1	715414	0	2	1_715414_715415_+
1	715433	0	1	1_715433_715434_+
1	715449	0	1	1_715449_715450_+
1	717601	0	2	1_717601_717602_+
1	718467	0	1	1_718467_718468_+
1	721427	0	1	1_721427_721428_+
1	724260	0	3	1_724260_724261_+
1	724641	0	1	1_724641_724642_+
1	724710	0	2	1_724710_724711_+
1	724806	0	2	1_724806_724807_+
1	725871	0	1	1_725871_725872_+
1	726540	0	1	1_726540_726541_+
1	726605	0	1	1_726605_726606_+
1	727204	0	1	1_727204_727205_+
1	728923	0	2	1_728923_728924_+
1	729888	0	1	1_729888_729889_+
1	731292	0	1	1_731292_731293_+
1	734133	0	1	1_734133_734134_+
1	734327	0	2	1_734327_734328_+
1	737254	0	1	1_737254_737255_+
1	739686	0	1	1_739686_739687_+
1	740303	0	1	1_740303_740304_+
1	740743	0	2	1_740743_740744_+
1	747751	0	1	1_747751_747752_+
1	748090	1	1	1_748090_748091_+
1	752673	0	3	1_752673_752674_+
1	752747	0	2	1_752747_752748_+
1	752805	0	1	1_752805_752806_+
1	753379	0	1	1_753379_753380_+
1	753478	0	1	1_753478_753479_+
1	753491	0	1	1_753491_753492_+
1	753666	0	2	1_753666_753667_+
1	753784	0	1	1_753784_753785_+
1	754108	0	3	1_754108_754109_+
1	754137	0	4	1_754137_754138_+
1	754820	0	2	1_754820_754821_+
1	755523	0	2	1_755523_755524_+
1	755728	0	1	1_755728_755729_+
1	755749	0	2	1_755749_755750_+
1	756453	1	3	1_756453_756454_+
1	756885	0	1	1_756885_756886_+
1	757039	0	2	1_757039_757040_+
1	757153	0	1	1_757153_757154_+
1	757720	0	3	1_757720_757721_+
1	758163	0	1	1_758163_758164_+
1	758243	0	1	1_758243_758244_+
1	758628	0	3	1_758628_758629_+
1	758829	0	1	1_758829_758830_+
1	760964	0	1	1_760964_760965_+
1	762574	0	1	1_762574_762575_+
1	762774	0	1	1_762774_762775_+
1	762776	0	1	1_762776_762777_+
1	762865	0	1	1_762865_762866_+
1	762869	0	1	1_762869_762870_+
1	762891	0	3	1_762891_762892_+
1	762897	0	3	1_762897_762898_+
1	762926	0	1	1_762926_762927_+
1	762933	0	1	1_762933_762934_+
1	762966	0	1	1_762966_762967_+
1	763814	0	1	1_763814_763815_+
1	764421	0	1	1_764421_764422_+
1	766285	0	1	1_766285_766286_+
1	766946	0	2	1_766946_766947_+
1	767097	0	1	1_767097_767098_+
1	767253	0	2	1_767253_767254_+
1	767560	0	3	1_767560_767561_+
1	767605	0	1	1_767605_767606_+
1	768086	0	1	1_768086_768087_+
1	769174	0	1	1_769174_769175_+
1	769251	0	1	1_769251_769252_+
1	769271	0	1	1_769271_769272_+
1	769630	0	2	1_769630_769631_+
1	769890	0	3	1_769890_769891_+
1	769893	0	2	1_769893_769894_+
1	771897	0	1	1_771897_771898_+
1	772322	0	3	1_772322_772323_+
1	772383	0	1	1_772383_772384_+
1	772957	0	2	1_772957_772958_+
1	774774	0	1	1_774774_774775_+
1	775674	0	1	1_775674_775675_+
1	776234	0	1	1_776234_776235_+
1	776599	0	4	1_776599_776600_+
1	776706	0	2	1_776706_776707_+
1	776861	0	1	1_776861_776862_+
1	776977	0	1	1_776977_776978_+
1	777013	0	2	1_777013_777014_+
1	777287	0	1	1_777287_777288_+
1	778111	0	3	1_778111_778112_+
1	778272	0	1	1_778272_778273_+
1	778330	0	3	1_778330_778331_+
1	778443	0	1	1_778443_778444_+
1	778600	0	1	1_778600_778601_+
1	779107	0	1	1_779107_779108_+
1	780206	0	1	1_780206_780207_+
1	780325	0	1	1_780325_780326_+
1	780878	0	2	1_780878_780879_+
1	780893	0	1	1_780893_780894_+
1	780901	0	1	1_780901_780902_+
1	782169	0	2	1_782169_782170_+
1	782245	0	3	1_782245_782246_+
1	782283	0	2	1_782283_782284_+
1	782862	0	1	1_782862_782863_+
1	783005	0	1	1_783005_783006_+
1	783095	0	3	1_783095_783096_+
1	783128	0	2	1_783128_783129_+
1	783254	0	1	1_783254_783255_+
1	783649	0	1	1_783649_783650_+
1	784177	0	1	1_784177_784178_+
1	784411	0	2	1_784411_784412_+
1	785073	0	5	1_785073_785074_+
1	785223	0	1	1_785223_785224_+
1	785628	0	1	1_785628_785629_+
1	785635	0	1	1_785635_785636_+
1	785722	0	1	1_785722_785723_+
1	785802	0	1	1_785802_785803_+
1	787007	0	1	1_787007_787008_+
1	787643	0	3	1_787643_787644_+
1	788435	0	2	1_788435_788436_+
1	788487	0	2	1_788487_788488_+
1	788491	0	1	1_788491_788492_+
1	788503	0	1	1_788503_788504_+
1	788531	0	1	1_788531_788532_+
1	788533	0	1	1_788533_788534_+
1	789359	0	1	1_789359_789360_+
1	789876	0	2	1_789876_789877_+
1	789950	0	1	1_789950_789951_+
1	790025	0	3	1_790025_790026_+
1	790035	0	2	1_790035_790036_+
1	790109	0	2	1_790109_790110_+
1	790399	0	1	1_790399_790400_+
1	790698	0	2	1_790698_790699_+
1	790748	1	1	1_790748_790749_+
1	791054	0	2	1_791054_791055_+
1	792150	0	1	1_792150_792151_+
1	792185	0	1	1_792185_792186_+
1	792693	0	1	1_792693_792694_+
1	794230	0	4	1_794230_794231_+
1	795725	0	1	1_795725_795726_+
1	796249	0	1	1_796249_796250_+
1	796361	0	2	1_796361_796362_+
1	796787	0	1	1_796787_796788_+
1	797785	0	1	1_797785_797786_+
1	799187	0	5	1_799187_799188_+
1	799730	0	2	1_799730_799731_+
1	801190	0	1	1_801190_801191_+
1	801290	0	1	1_801290_801291_+
1	801595	0	1	1_801595_801596_+
1	801616	0	1	1_801616_801617_+
1	801868	0	3	1_801868_801869_+
1	801896	0	1	1_801896_801897_+
1	802523	0	2	1_802523_802524_+
1	802533	0	2	1_802533_802534_+
1	802819	0	2	1_802819_802820_+
1	802922	0	1	1_802922_802923_+
1	804945	0	1	1_804945_804946_+
1	804992	0	7	1_804992_804993_+
1	804999	0	4	1_804999_805000_+
1	805102	0	4	1_805102_805103_+
1	805158	0	1	1_805158_805159_+
1	805199	0	1	1_805199_805200_+
1	805201	0	1	1_805201_805202_+
1	805214	0	4	1_805214_805215_+
1	805228	0	1	1_805228_805229_+
1	805230	0	3	1_805230_805231_+
1	805244	0	1	1_805244_805245_+
1	805246	0	1	1_805246_805247_+
1	805252	0	1	1_805252_805253_+
1	805281	0	1	1_805281_805282_+
1	805283	0	2	1_805283_805284_+
1	805289	0	3	1_805289_805290_+
1	805295	0	5	1_805295_805296_+
1	805341	0	2	1_805341_805342_+
1	805352	0	3	1_805352_805353_+
1	805377	0	1	1_805377_805378_+
1	805382	0	2	1_805382_805383_+
1	805403	0	2	1_805403_805404_+
1	805411	0	1	1_805411_805412_+
1	805428	0	3	1_805428_805429_+
1	805434	0	2	1_805434_805435_+
1	805436	0	1	1_805436_805437_+
1	805467	0	1	1_805467_805468_+
1	805474	0	1	1_805474_805475_+
1	805484	0	1	1_805484_805485_+
1	805500	0	1	1_805500_805501_+
1	805554	0	2	1_805554_805555_+
1	805573	0	1	1_805573_805574_+
1	805604	0	1	1_805604_805605_+
1	805606	0	1	1_805606_805607_+
1	805616	0	2	1_805616_805617_+
1	805627	0	1	1_805627_805628_+
1	805746	0	1	1_805746_805747_+
1	805786	1	2	1_805786_805787_+
1	805942	0	2	1_805942_805943_+
1	806051	0	2	1_806051_806052_+
1	806231	0	2	1_806231_806232_+
1	807409	0	1	1_807409_807410_+
1	808457	0	1	1_808457_808458_+
1	808468	0	2	1_808468_808469_+
1	808562	0	1	1_808562_808563_+
1	808584	0	1	1_808584_808585_+
1	808748	0	2	1_808748_808749_+
1	809450	0	1	1_809450_809451_+
1	809565	0	1	1_809565_809566_+
1	809594	0	1	1_809594_809595_+
1	809642	0	1	1_809642_809643_+
1	810095	0	2	1_810095_810096_+
1	811025	0	2	1_811025_811026_+
1	811166	0	2	1_811166_811167_+
1	811279	0	3	1_811279_811280_+
1	811285	0	5	1_811285_811286_+
1	811295	0	1	1_811295_811296_+
1	811348	0	1	1_811348_811349_+
1	811465	0	1	1_811465_811466_+
1	811502	0	1	1_811502_811503_+
1	811759	0	2	1_811759_811760_+
1	811775	0	2	1_811775_811776_+
1	812350	0	2	1_812350_812351_+
1	812539	0	3	1_812539_812540_+
1	814048	0	2	1_814048_814049_+
1	814887	0	2	1_814887_814888_+
1	814896	0	1	1_814896_814897_+
1	814913	0	1	1_814913_814914_+
1	818444	0	2	1_818444_818445_+
1	820609	0	2	1_820609_820610_+
1	820709	0	2	1_820709_820710_+
1	821972	0	1	1_821972_821973_+
1	822360	0	2	1_822360_822361_+
1	822553	0	1	1_822553_822554_+
1	825735	0	1	1_825735_825736_+
1	826834	0	2	1_826834_826835_+
1	826988	0	2	1_826988_826989_+
1	827299	0	1	1_827299_827300_+
1	827468	0	1	1_827468_827469_+
1	828424	0	1	1_828424_828425_+
1	828846	0	2	1_828846_828847_+
1	829301	0	2	1_829301_829302_+
1	829665	0	1	1_829665_829666_+
1	829787	0	2	1_829787_829788_+
1	830411	0	1	1_830411_830412_+
1	830496	0	2	1_830496_830497_+
1	830533	0	3	1_830533_830534_+
1	832261	0	2	1_832261_832262_+
1	832619	0	3	1_832619_832620_+
1	832830	0	7	1_832830_832831_+
1	833157	0	1	1_833157_833158_+
1	833166	0	2	1_833166_833167_+
1	833196	0	3	1_833196_833197_+
1	833297	0	1	1_833297_833298_+
1	833347	0	1	1_833347_833348_+
1	833446	0	1	1_833446_833447_+
1	833514	0	1	1_833514_833515_+
1	833536	0	3	1_833536_833537_+
1	833555	0	4	1_833555_833556_+
1	833565	0	3	1_833565_833566_+
1	833572	0	2	1_833572_833573_+
1	833593	0	1	1_833593_833594_+
1	833786	0	1	1_833786_833787_+
1	833806	0	4	1_833806_833807_+
1	833868	0	3	1_833868_833869_+
1	833896	0	4	1_833896_833897_+
1	833906	0	2	1_833906_833907_+
1	833978	0	1	1_833978_833979_+
1	834247	0	1	1_834247_834248_+
1	834276	0	2	1_834276_834277_+
1	834295	0	1	1_834295_834296_+
1	834330	0	2	1_834330_834331_+
1	834338	0	2	1_834338_834339_+
1	834356	0	3	1_834356_834357_+
1	834358	0	2	1_834358_834359_+
1	834467	0	1	1_834467_834468_+
1	834475	0	1	1_834475_834476_+
1	834596	0	1	1_834596_834597_+
1	834697	0	2	1_834697_834698_+
1	834703	0	3	1_834703_834704_+
1	834767	0	3	1_834767_834768_+
1	834978	0	1	1_834978_834979_+
1	835044	0	2	1_835044_835045_+
1	835124	0	4	1_835124_835125_+
1	835736	0	2	1_835736_835737_+
1	835766	0	3	1_835766_835767_+
1	836204	0	4	1_836204_836205_+
1	836217	0	2	1_836217_836218_+
1	836295	0	3	1_836295_836296_+
1	836518	0	4	1_836518_836519_+
1	836578	0	1	1_836578_836579_+
1	836805	0	3	1_836805_836806_+
1	836872	0	1	1_836872_836873_+
1	836967	1	2	1_836967_836968_+
1	836997	0	1	1_836997_836998_+
1	837042	0	4	1_837042_837043_+
1	837234	0	1	1_837234_837235_+
1	837541	0	1	1_837541_837542_+
1	837603	0	1	1_837603_837604_+
1	837616	0	1	1_837616_837617_+
1	837639	0	1	1_837639_837640_+
1	837736	1	2	1_837736_837737_+
1	837852	1	1	1_837852_837853_+
1	837885	0	3	1_837885_837886_+
1	837891	0	1	1_837891_837892_+
1	837929	0	1	1_837929_837930_+
1	838021	0	1	1_838021_838022_+
1	838275	0	1	1_838275_838276_+
1	838285	0	3	1_838285_838286_+
1	838295	0	1	1_838295_838296_+
1	838352	0	1	1_838352_838353_+
1	838361	0	3	1_838361_838362_+
1	838368	0	2	1_838368_838369_+
1	838371	0	3	1_838371_838372_+
1	838377	1	3	1_838377_838378_+
1	838379	1	3	1_838379_838380_+
1	838382	0	2	1_838382_838383_+
1	838395	0	2	1_838395_838396_+
1	838427	0	2	1_838427_838428_+
1	838429	0	3	1_838429_838430_+
1	838435	0	1	1_838435_838436_+
1	838537	1	4	1_838537_838538_+
1	838564	0	1	1_838564_838565_+
1	838643	0	1	1_838643_838644_+
1	838666	0	2	1_838666_838667_+
1	838687	0	1	1_838687_838688_+
1	838701	0	3	1_838701_838702_+
1	838761	0	1	1_838761_838762_+
1	838785	0	1	1_838785_838786_+
1	838924	0	1	1_838924_838925_+
1	839106	0	1	1_839106_839107_+
1	839172	0	1	1_839172_839173_+
1	839207	0	3	1_839207_839208_+
1	839214	0	3	1_839214_839215_+
1	839245	0	1	1_839245_839246_+
1	839349	0	1	1_839349_839350_+
1	839355	0	1	1_839355_839356_+
1	839397	1	3	1_839397_839398_+
1	839435	1	1	1_839435_839436_+
1	839508	0	2	1_839508_839509_+
1	839516	0	1	1_839516_839517_+
1	839575	0	3	1_839575_839576_+
1	839577	0	3	1_839577_839578_+
1	839618	0	1	1_839618_839619_+
1	839633	0	1	1_839633_839634_+
1	839668	0	1	1_839668_839669_+
1	839725	0	3	1_839725_839726_+
1	839738	0	1	1_839738_839739_+
1	839752	0	2	1_839752_839753_+
1	839780	0	1	1_839780_839781_+
1	839799	0	1	1_839799_839800_+
1	839805	0	1	1_839805_839806_+
1	839867	0	1	1_839867_839868_+
1	839871	0	1	1_839871_839872_+
1	839927	0	1	1_839927_839928_+
1	839937	0	3	1_839937_839938_+
1	839987	0	1	1_839987_839988_+
1	839991	0	1	1_839991_839992_+
1	840007	0	1	1_840007_840008_+
1	840013	0	2	1_840013_840014_+
1	840016	0	3	1_840016_840017_+
1	840025	0	1	1_840025_840026_+
1	840047	0	2	1_840047_840048_+
1	840051	0	3	1_840051_840052_+
1	840057	0	3	1_840057_840058_+
1	840073	0	3	1_840073_840074_+
1	840079	0	3	1_840079_840080_+
1	840085	0	1	1_840085_840086_+
1	840089	0	1	1_840089_840090_+
1	840107	0	2	1_840107_840108_+
1	840111	0	3	1_840111_840112_+
1	840117	0	1	1_840117_840118_+
1	840123	0	2	1_840123_840124_+
1	840132	0	1	1_840132_840133_+
1	840142	0	1	1_840142_840143_+
1	840149	0	2	1_840149_840150_+
1	840162	0	2	1_840162_840163_+
