#chrom	genomicpos	deaminated	total	bedcoord
1	10484	0	2	1_10484_10485_+
1	10497	0	1	1_10497_10498_+
1	10525	0	2	1_10525_10526_+
1	17492	0	2	1_17492_17493_+
1	20044	0	1	1_20044_20045_+
1	30984	0	2	1_30984_30985_+
1	51843	0	1	1_51843_51844_+
1	55885	0	1	1_55885_55886_+
1	58447	0	1	1_58447_58448_+
1	62096	0	1	1_62096_62097_+
1	62420	0	1	1_62420_62421_+
1	64563	0	1	1_64563_64564_+
1	68239	0	1	1_68239_68240_+
1	74902	0	1	1_74902_74903_+
1	77129	0	1	1_77129_77130_+
1	82715	0	2	1_82715_82716_+
1	87723	0	1	1_87723_87724_+
1	88575	0	1	1_88575_88576_+
1	102988	0	2	1_102988_102989_+
1	115672	0	1	1_115672_115673_+
1	128886	0	1	1_128886_128887_+
1	133033	0	1	1_133033_133034_+
1	133145	0	1	1_133145_133146_+
1	133277	0	1	1_133277_133278_+
1	135086	0	1	1_135086_135087_+
1	135178	0	2	1_135178_135179_+
1	135207	0	2	1_135207_135208_+
1	135217	0	2	1_135217_135218_+
1	135232	0	1	1_135232_135233_+
1	135297	0	1	1_135297_135298_+
1	136485	0	1	1_136485_136486_+
1	136797	0	1	1_136797_136798_+
1	136827	0	1	1_136827_136828_+
1	136864	0	2	1_136864_136865_+
1	136876	0	2	1_136876_136877_+
1	136911	0	1	1_136911_136912_+
1	136925	0	2	1_136925_136926_+
1	137986	0	1	1_137986_137987_+
1	164087	0	1	1_164087_164088_+
1	164106	0	1	1_164106_164107_+
1	233370	0	1	1_233370_233371_+
1	324675	0	1	1_324675_324676_+
1	414113	0	1	1_414113_414114_+
1	414115	0	1	1_414115_414116_+
1	525463	0	1	1_525463_525464_+
1	525631	0	1	1_525631_525632_+
1	525774	0	1	1_525774_525775_+
1	525983	0	1	1_525983_525984_+
1	525990	0	1	1_525990_525991_+
1	526714	1	1	1_526714_526715_+
1	526763	0	1	1_526763_526764_+
1	526941	0	1	1_526941_526942_+
1	527253	0	1	1_527253_527254_+
1	529690	0	1	1_529690_529691_+
1	532558	0	1	1_532558_532559_+
1	533234	0	1	1_533234_533235_+
1	537528	0	1	1_537528_537529_+
1	540605	0	1	1_540605_540606_+
1	540800	0	1	1_540800_540801_+
1	540825	0	1	1_540825_540826_+
1	540827	0	1	1_540827_540828_+
1	546169	0	1	1_546169_546170_+
1	554765	0	1	1_554765_554766_+
1	562049	1	2	1_562049_562050_+
1	564471	0	1	1_564471_564472_+
1	564501	0	1	1_564501_564502_+
1	564925	0	1	1_564925_564926_+
1	565262	0	1	1_565262_565263_+
1	565661	0	1	1_565661_565662_+
1	566172	0	1	1_566172_566173_+
1	566519	0	1	1_566519_566520_+
1	566618	0	1	1_566618_566619_+
1	566624	0	1	1_566624_566625_+
1	566714	0	1	1_566714_566715_+
1	566879	0	1	1_566879_566880_+
1	567014	0	1	1_567014_567015_+
1	567113	0	1	1_567113_567114_+
1	567122	0	1	1_567122_567123_+
1	567167	0	1	1_567167_567168_+
1	567426	0	1	1_567426_567427_+
1	568529	0	1	1_568529_568530_+
1	568536	0	1	1_568536_568537_+
1	568668	0	1	1_568668_568669_+
1	568698	0	1	1_568698_568699_+
1	569081	0	1	1_569081_569082_+
1	569546	0	1	1_569546_569547_+
1	569942	0	1	1_569942_569943_+
1	570037	0	1	1_570037_570038_+
1	571899	1	1	1_571899_571900_+
1	585849	0	1	1_585849_585850_+
1	637641	0	1	1_637641_637642_+
1	637754	0	2	1_637754_637755_+
1	662536	0	1	1_662536_662537_+
1	667325	1	1	1_667325_667326_+
1	668210	0	1	1_668210_668211_+
1	672303	0	1	1_672303_672304_+
1	674525	0	1	1_674525_674526_+
1	693662	0	1	1_693662_693663_+
1	700075	0	1	1_700075_700076_+
1	702115	0	1	1_702115_702116_+
1	704315	0	1	1_704315_704316_+
1	705870	1	2	1_705870_705871_+
1	706375	0	1	1_706375_706376_+
1	707037	0	1	1_707037_707038_+
1	709215	0	1	1_709215_709216_+
1	710190	0	3	1_710190_710191_+
1	710583	0	1	1_710583_710584_+
1	711091	0	1	1_711091_711092_+
1	711093	0	1	1_711093_711094_+
1	711171	0	1	1_711171_711172_+
1	711204	0	1	1_711204_711205_+
1	711299	0	1	1_711299_711300_+
1	713105	0	1	1_713105_713106_+
1	713252	0	1	1_713252_713253_+
1	713293	0	2	1_713293_713294_+
1	713305	0	1	1_713305_713306_+
1	713447	0	5	1_713447_713448_+
1	713449	0	5	1_713449_713450_+
1	713453	0	4	1_713453_713454_+
1	713481	0	2	1_713481_713482_+
1	713489	0	2	1_713489_713490_+
1	713512	0	1	1_713512_713513_+
1	713543	0	1	1_713543_713544_+
1	713985	0	1	1_713985_713986_+
1	714076	0	1	1_714076_714077_+
1	714083	0	1	1_714083_714084_+
1	714139	0	1	1_714139_714140_+
1	714167	0	1	1_714167_714168_+
1	714169	0	1	1_714169_714170_+
1	714177	0	2	1_714177_714178_+
1	714198	0	1	1_714198_714199_+
1	714239	0	2	1_714239_714240_+
1	714254	0	1	1_714254_714255_+
1	714258	0	1	1_714258_714259_+
1	714261	0	1	1_714261_714262_+
1	714264	0	1	1_714264_714265_+
1	714376	0	1	1_714376_714377_+
1	714490	0	1	1_714490_714491_+
1	714715	0	1	1_714715_714716_+
1	714723	0	1	1_714723_714724_+
1	715121	0	1	1_715121_715122_+
1	715250	0	2	1_715250_715251_+
1	715414	0	1	1_715414_715415_+
1	715433	0	1	1_715433_715434_+
1	715449	0	3	1_715449_715450_+
1	717601	0	2	1_717601_717602_+
1	718572	0	1	1_718572_718573_+
1	724240	0	2	1_724240_724241_+
1	724246	0	1	1_724246_724247_+
1	725346	0	2	1_725346_725347_+
1	726540	0	1	1_726540_726541_+
1	726605	0	2	1_726605_726606_+
1	726734	0	2	1_726734_726735_+
1	728402	1	2	1_728402_728403_+
1	729339	0	1	1_729339_729340_+
1	729888	0	1	1_729888_729889_+
1	730453	0	1	1_730453_730454_+
1	731292	0	2	1_731292_731293_+
1	731740	0	2	1_731740_731741_+
1	731827	0	2	1_731827_731828_+
1	736025	0	1	1_736025_736026_+
1	737832	0	1	1_737832_737833_+
1	739545	0	1	1_739545_739546_+
1	739682	0	1	1_739682_739683_+
1	740303	0	1	1_740303_740304_+
1	740743	0	2	1_740743_740744_+
1	740826	0	1	1_740826_740827_+
1	742317	0	1	1_742317_742318_+
1	746796	0	1	1_746796_746797_+
1	747154	0	1	1_747154_747155_+
1	752673	0	1	1_752673_752674_+
1	752696	0	1	1_752696_752697_+
1	753376	0	1	1_753376_753377_+
1	753379	0	1	1_753379_753380_+
1	753413	0	1	1_753413_753414_+
1	753478	0	1	1_753478_753479_+
1	753666	0	3	1_753666_753667_+
1	753723	0	1	1_753723_753724_+
1	754108	0	1	1_754108_754109_+
1	754137	0	1	1_754137_754138_+
1	754153	0	2	1_754153_754154_+
1	754185	0	1	1_754185_754186_+
1	754739	0	2	1_754739_754740_+
1	754906	0	2	1_754906_754907_+
1	755209	0	1	1_755209_755210_+
1	755523	0	1	1_755523_755524_+
1	755728	0	1	1_755728_755729_+
1	756395	0	1	1_756395_756396_+
1	756453	0	2	1_756453_756454_+
1	756518	0	1	1_756518_756519_+
1	756885	0	1	1_756885_756886_+
1	757039	1	1	1_757039_757040_+
1	757199	0	1	1_757199_757200_+
1	757720	0	2	1_757720_757721_+
1	758243	0	1	1_758243_758244_+
1	758350	0	1	1_758350_758351_+
1	758945	1	2	1_758945_758946_+
1	760140	0	1	1_760140_760141_+
1	760964	0	1	1_760964_760965_+
1	761370	0	1	1_761370_761371_+
1	761809	0	1	1_761809_761810_+
1	762179	0	1	1_762179_762180_+
1	762244	0	1	1_762244_762245_+
1	762336	0	1	1_762336_762337_+
1	762774	0	1	1_762774_762775_+
1	762776	0	1	1_762776_762777_+
1	762809	0	1	1_762809_762810_+
1	762850	0	2	1_762850_762851_+
1	762865	0	1	1_762865_762866_+
1	762869	0	1	1_762869_762870_+
1	762912	0	1	1_762912_762913_+
1	762915	0	1	1_762915_762916_+
1	765279	0	1	1_765279_765280_+
1	765630	0	1	1_765630_765631_+
1	765632	0	1	1_765632_765633_+
1	766285	0	1	1_766285_766286_+
1	766328	0	1	1_766328_766329_+
1	766377	0	1	1_766377_766378_+
1	766880	0	1	1_766880_766881_+
1	766946	0	1	1_766946_766947_+
1	767097	0	1	1_767097_767098_+
1	767220	0	2	1_767220_767221_+
1	767560	0	1	1_767560_767561_+
1	767710	0	3	1_767710_767711_+
1	769174	0	1	1_769174_769175_+
1	769591	0	1	1_769591_769592_+
1	769630	0	1	1_769630_769631_+
1	769890	0	1	1_769890_769891_+
1	769893	0	1	1_769893_769894_+
1	769950	0	1	1_769950_769951_+
1	770368	0	2	1_770368_770369_+
1	771035	0	1	1_771035_771036_+
1	772322	0	1	1_772322_772323_+
1	775357	0	1	1_775357_775358_+
1	775674	0	2	1_775674_775675_+
1	775766	0	2	1_775766_775767_+
1	776599	1	1	1_776599_776600_+
1	776644	0	1	1_776644_776645_+
1	776706	0	1	1_776706_776707_+
1	776861	0	1	1_776861_776862_+
1	776977	0	1	1_776977_776978_+
1	777013	0	3	1_777013_777014_+
1	777241	0	1	1_777241_777242_+
1	777244	0	1	1_777244_777245_+
1	777287	0	2	1_777287_777288_+
1	777986	1	2	1_777986_777987_+
1	778148	0	2	1_778148_778149_+
1	778871	0	1	1_778871_778872_+
1	779077	0	1	1_779077_779078_+
1	779107	0	1	1_779107_779108_+
1	779582	0	1	1_779582_779583_+
1	780086	0	2	1_780086_780087_+
1	780101	0	1	1_780101_780102_+
1	780206	0	2	1_780206_780207_+
1	780627	0	1	1_780627_780628_+
1	780893	0	2	1_780893_780894_+
1	780901	0	1	1_780901_780902_+
1	782169	0	1	1_782169_782170_+
1	782245	0	3	1_782245_782246_+
1	784177	0	1	1_784177_784178_+
1	785059	0	2	1_785059_785060_+
1	785073	0	1	1_785073_785074_+
1	785223	0	2	1_785223_785224_+
1	785628	0	1	1_785628_785629_+
1	785635	0	2	1_785635_785636_+
1	785802	0	1	1_785802_785803_+
1	787643	0	1	1_787643_787644_+
1	788487	0	2	1_788487_788488_+
1	788491	0	1	1_788491_788492_+
1	788503	0	3	1_788503_788504_+
1	788531	0	4	1_788531_788532_+
1	788533	0	3	1_788533_788534_+
1	788590	0	1	1_788590_788591_+
1	789359	0	2	1_789359_789360_+
1	789876	0	4	1_789876_789877_+
1	789950	0	2	1_789950_789951_+
1	790109	0	1	1_790109_790110_+
1	790399	0	1	1_790399_790400_+
1	790463	0	1	1_790463_790464_+
1	790748	0	1	1_790748_790749_+
1	791179	0	1	1_791179_791180_+
1	791298	0	1	1_791298_791299_+
1	791543	1	1	1_791543_791544_+
1	791753	0	1	1_791753_791754_+
1	791869	0	1	1_791869_791870_+
1	792185	0	1	1_792185_792186_+
1	792496	0	1	1_792496_792497_+
1	794419	0	1	1_794419_794420_+
1	795036	0	1	1_795036_795037_+
1	795679	0	1	1_795679_795680_+
1	795725	0	1	1_795725_795726_+
1	796203	0	2	1_796203_796204_+
1	796328	0	2	1_796328_796329_+
1	796361	0	1	1_796361_796362_+
1	796521	0	1	1_796521_796522_+
1	799085	0	1	1_799085_799086_+
1	799550	0	2	1_799550_799551_+
1	799730	0	1	1_799730_799731_+
1	801090	0	1	1_801090_801091_+
1	801122	0	1	1_801122_801123_+
1	801190	0	2	1_801190_801191_+
1	801290	0	2	1_801290_801291_+
1	801595	0	4	1_801595_801596_+
1	801616	0	2	1_801616_801617_+
1	801850	0	1	1_801850_801851_+
1	801868	0	2	1_801868_801869_+
1	801875	0	1	1_801875_801876_+
1	801896	0	1	1_801896_801897_+
1	801916	0	1	1_801916_801917_+
1	802172	0	1	1_802172_802173_+
1	802180	0	1	1_802180_802181_+
1	802533	0	2	1_802533_802534_+
1	802584	0	2	1_802584_802585_+
1	802922	0	1	1_802922_802923_+
1	803144	0	1	1_803144_803145_+
1	803428	0	1	1_803428_803429_+
1	804432	0	1	1_804432_804433_+
1	804912	0	4	1_804912_804913_+
1	804945	0	1	1_804945_804946_+
1	804999	0	1	1_804999_805000_+
1	805158	0	2	1_805158_805159_+
1	805199	0	1	1_805199_805200_+
1	805201	0	2	1_805201_805202_+
1	805214	0	2	1_805214_805215_+
1	805273	0	1	1_805273_805274_+
1	805289	0	1	1_805289_805290_+
1	805295	0	1	1_805295_805296_+
1	805327	0	1	1_805327_805328_+
1	805352	0	1	1_805352_805353_+
1	805377	0	1	1_805377_805378_+
1	805382	0	2	1_805382_805383_+
1	805411	0	1	1_805411_805412_+
1	805434	0	1	1_805434_805435_+
1	805436	0	1	1_805436_805437_+
1	805444	0	3	1_805444_805445_+
1	805449	0	2	1_805449_805450_+
1	805467	0	1	1_805467_805468_+
1	805474	0	1	1_805474_805475_+
1	805477	0	1	1_805477_805478_+
1	805479	0	1	1_805479_805480_+
1	805519	0	1	1_805519_805520_+
1	805522	0	1	1_805522_805523_+
1	805538	0	1	1_805538_805539_+
1	805554	0	3	1_805554_805555_+
1	805573	0	1	1_805573_805574_+
1	805604	0	3	1_805604_805605_+
1	805606	0	2	1_805606_805607_+
1	805616	0	1	1_805616_805617_+
1	805627	0	1	1_805627_805628_+
1	805746	0	3	1_805746_805747_+
1	805786	0	2	1_805786_805787_+
1	805942	0	3	1_805942_805943_+
1	806120	0	2	1_806120_806121_+
1	806231	0	5	1_806231_806232_+
1	808247	0	1	1_808247_808248_+
1	808562	0	2	1_808562_808563_+
1	808584	0	1	1_808584_808585_+
1	808946	0	3	1_808946_808947_+
1	809310	0	1	1_809310_809311_+
1	809315	0	1	1_809315_809316_+
1	809329	0	1	1_809329_809330_+
1	809332	0	1	1_809332_809333_+
1	809590	0	1	1_809590_809591_+
1	809642	0	1	1_809642_809643_+
1	810599	0	2	1_810599_810600_+
1	811025	0	1	1_811025_811026_+
1	811295	0	1	1_811295_811296_+
1	811745	0	2	1_811745_811746_+
1	811759	0	1	1_811759_811760_+
1	811775	0	1	1_811775_811776_+
1	812539	0	2	1_812539_812540_+
1	812640	0	2	1_812640_812641_+
1	813771	0	2	1_813771_813772_+
1	813956	0	1	1_813956_813957_+
1	814887	0	2	1_814887_814888_+
1	814913	0	2	1_814913_814914_+
1	817520	0	2	1_817520_817521_+
1	818444	0	2	1_818444_818445_+
1	820609	0	1	1_820609_820610_+
1	820709	0	2	1_820709_820710_+
1	821972	0	1	1_821972_821973_+
1	822553	0	1	1_822553_822554_+
1	824091	0	2	1_824091_824092_+
1	825626	0	1	1_825626_825627_+
1	826834	0	1	1_826834_826835_+
1	826988	0	1	1_826988_826989_+
1	827468	0	1	1_827468_827469_+
1	828846	0	1	1_828846_828847_+
1	829665	0	1	1_829665_829666_+
1	829787	0	1	1_829787_829788_+
1	830935	0	2	1_830935_830936_+
1	831537	0	2	1_831537_831538_+
1	832479	0	2	1_832479_832480_+
1	832619	0	1	1_832619_832620_+
1	832830	0	1	1_832830_832831_+
1	833196	0	3	1_833196_833197_+
1	833297	0	1	1_833297_833298_+
1	833469	0	1	1_833469_833470_+
1	833514	0	1	1_833514_833515_+
1	833536	0	3	1_833536_833537_+
1	833555	0	3	1_833555_833556_+
1	833565	0	1	1_833565_833566_+
1	833572	0	1	1_833572_833573_+
1	833786	0	1	1_833786_833787_+
1	833806	0	1	1_833806_833807_+
1	833868	0	2	1_833868_833869_+
1	833923	0	1	1_833923_833924_+
1	833972	0	1	1_833972_833973_+
1	833978	0	3	1_833978_833979_+
1	834183	0	2	1_834183_834184_+
1	834247	0	2	1_834247_834248_+
1	834259	0	2	1_834259_834260_+
1	834295	0	1	1_834295_834296_+
1	834358	0	1	1_834358_834359_+
1	834555	0	1	1_834555_834556_+
1	834697	0	2	1_834697_834698_+
1	834703	0	1	1_834703_834704_+
1	834767	0	4	1_834767_834768_+
1	834914	0	2	1_834914_834915_+
1	834978	0	1	1_834978_834979_+
1	835044	0	3	1_835044_835045_+
1	835124	0	1	1_835124_835125_+
1	835444	0	1	1_835444_835445_+
1	835736	0	3	1_835736_835737_+
1	836204	0	1	1_836204_836205_+
1	836217	0	2	1_836217_836218_+
1	836295	0	1	1_836295_836296_+
1	836472	0	2	1_836472_836473_+
1	836518	0	1	1_836518_836519_+
1	836536	0	3	1_836536_836537_+
1	836578	0	2	1_836578_836579_+
1	836872	0	1	1_836872_836873_+
1	836997	0	3	1_836997_836998_+
1	837042	0	2	1_837042_837043_+
1	837234	0	1	1_837234_837235_+
1	837541	0	1	1_837541_837542_+
1	837616	0	1	1_837616_837617_+
1	837639	0	3	1_837639_837640_+
1	837717	0	2	1_837717_837718_+
1	837736	0	2	1_837736_837737_+
1	837852	0	1	1_837852_837853_+
1	837885	0	1	1_837885_837886_+
1	838049	0	1	1_838049_838050_+
1	838085	0	1	1_838085_838086_+
1	838108	0	3	1_838108_838109_+
1	838110	0	3	1_838110_838111_+
1	838275	0	1	1_838275_838276_+
1	838285	0	1	1_838285_838286_+
1	838295	0	2	1_838295_838296_+
1	838302	0	2	1_838302_838303_+
1	838349	0	1	1_838349_838350_+
1	838352	0	1	1_838352_838353_+
1	838361	0	1	1_838361_838362_+
1	838368	0	2	1_838368_838369_+
1	838371	0	2	1_838371_838372_+
1	838377	0	1	1_838377_838378_+
1	838395	0	1	1_838395_838396_+
1	838537	0	1	1_838537_838538_+
1	838643	0	1	1_838643_838644_+
1	838666	0	1	1_838666_838667_+
1	838761	0	2	1_838761_838762_+
1	838785	0	2	1_838785_838786_+
1	838873	0	1	1_838873_838874_+
1	838924	0	1	1_838924_838925_+
1	839106	0	2	1_839106_839107_+
1	839172	0	3	1_839172_839173_+
1	839207	0	1	1_839207_839208_+
1	839214	0	1	1_839214_839215_+
1	839245	0	1	1_839245_839246_+
1	839397	0	1	1_839397_839398_+
1	839435	0	1	1_839435_839436_+
1	839464	0	2	1_839464_839465_+
1	839508	0	3	1_839508_839509_+
1	839516	0	3	1_839516_839517_+
1	839575	0	1	1_839575_839576_+
1	839577	0	1	1_839577_839578_+
1	839618	0	2	1_839618_839619_+
1	839738	0	1	1_839738_839739_+
1	839752	0	1	1_839752_839753_+
1	839799	0	2	1_839799_839800_+
1	839805	0	2	1_839805_839806_+
1	839855	0	1	1_839855_839856_+
1	839915	0	1	1_839915_839916_+
1	839949	0	1	1_839949_839950_+
1	839965	0	1	1_839965_839966_+
1	839969	0	1	1_839969_839970_+
1	839987	0	1	1_839987_839988_+
1	840007	0	1	1_840007_840008_+
1	840013	0	1	1_840013_840014_+
1	840016	0	1	1_840016_840017_+
1	840073	0	1	1_840073_840074_+
1	840111	0	1	1_840111_840112_+
1	840117	0	2	1_840117_840118_+
1	840123	0	2	1_840123_840124_+
1	840132	0	1	1_840132_840133_+
1	840135	0	1	1_840135_840136_+
1	840190	0	1	1_840190_840191_+
1	840206	0	2	1_840206_840207_+
1	840208	0	2	1_840208_840209_+
