#chrom	genomicpos	deaminated	total	bedcoord
1	17478	0	1	1_17478_17479_+
1	17483	0	1	1_17483_17484_+
1	17492	0	1	1_17492_17493_+
1	51442	0	1	1_51442_51443_+
1	61954	0	1	1_61954_61955_+
1	102988	0	1	1_102988_102989_+
1	136827	0	1	1_136827_136828_+
1	235122	0	1	1_235122_235123_+
1	540800	0	1	1_540800_540801_+
1	540808	0	1	1_540808_540809_+
1	564501	0	1	1_564501_564502_+
1	566995	0	1	1_566995_566996_+
1	567501	0	1	1_567501_567502_+
1	568469	0	1	1_568469_568470_+
1	568715	0	1	1_568715_568716_+
1	592317	0	1	1_592317_592318_+
1	705870	0	1	1_705870_705871_+
1	714012	0	3	1_714012_714013_+
1	714021	0	1	1_714021_714022_+
1	714520	0	1	1_714520_714521_+
1	715110	0	2	1_715110_715111_+
1	715414	0	1	1_715414_715415_+
1	724240	0	2	1_724240_724241_+
1	724246	0	1	1_724246_724247_+
1	726202	0	1	1_726202_726203_+
1	726570	0	2	1_726570_726571_+
1	747751	0	1	1_747751_747752_+
1	752454	0	1	1_752454_752455_+
1	752696	0	1	1_752696_752697_+
1	753379	0	1	1_753379_753380_+
1	754108	0	1	1_754108_754109_+
1	754153	0	1	1_754153_754154_+
1	754739	0	1	1_754739_754740_+
1	755523	0	1	1_755523_755524_+
1	756558	0	1	1_756558_756559_+
1	758163	0	1	1_758163_758164_+
1	762179	0	1	1_762179_762180_+
1	762793	0	1	1_762793_762794_+
1	762865	0	1	1_762865_762866_+
1	762937	0	1	1_762937_762938_+
1	766285	0	1	1_766285_766286_+
1	767097	0	1	1_767097_767098_+
1	769890	0	2	1_769890_769891_+
1	770390	0	1	1_770390_770391_+
1	771035	0	1	1_771035_771036_+
1	772957	0	2	1_772957_772958_+
1	775674	1	1	1_775674_775675_+
1	778148	0	1	1_778148_778149_+
1	779582	0	1	1_779582_779583_+
1	782862	0	3	1_782862_782863_+
1	785223	0	1	1_785223_785224_+
1	790025	0	1	1_790025_790026_+
1	790035	0	1	1_790035_790036_+
1	790109	0	2	1_790109_790110_+
1	790399	0	1	1_790399_790400_+
1	790463	0	1	1_790463_790464_+
1	794230	0	1	1_794230_794231_+
1	795036	0	2	1_795036_795037_+
1	796076	0	1	1_796076_796077_+
1	796328	0	1	1_796328_796329_+
1	797785	0	1	1_797785_797786_+
1	801090	0	1	1_801090_801091_+
1	801290	0	1	1_801290_801291_+
1	801896	0	1	1_801896_801897_+
1	801916	0	1	1_801916_801917_+
1	802327	0	1	1_802327_802328_+
1	802386	0	1	1_802386_802387_+
1	802584	0	2	1_802584_802585_+
1	805201	0	1	1_805201_805202_+
1	805214	0	2	1_805214_805215_+
1	805228	0	1	1_805228_805229_+
1	805230	0	1	1_805230_805231_+
1	805411	0	2	1_805411_805412_+
1	805434	0	1	1_805434_805435_+
1	805436	0	1	1_805436_805437_+
1	805444	0	1	1_805444_805445_+
1	805519	0	1	1_805519_805520_+
1	805522	0	1	1_805522_805523_+
1	805538	0	1	1_805538_805539_+
1	805627	0	1	1_805627_805628_+
1	805786	0	1	1_805786_805787_+
1	808748	0	2	1_808748_808749_+
1	808946	0	1	1_808946_808947_+
1	809450	0	2	1_809450_809451_+
1	810095	0	1	1_810095_810096_+
1	810599	0	2	1_810599_810600_+
1	810603	1	3	1_810603_810604_+
1	811166	0	1	1_811166_811167_+
1	811279	0	1	1_811279_811280_+
1	811285	0	2	1_811285_811286_+
1	811295	0	2	1_811295_811296_+
1	811745	0	1	1_811745_811746_+
1	813771	0	1	1_813771_813772_+
1	816074	0	1	1_816074_816075_+
1	820709	0	1	1_820709_820710_+
1	825735	0	1	1_825735_825736_+
1	827204	0	1	1_827204_827205_+
1	830533	0	1	1_830533_830534_+
1	833297	0	1	1_833297_833298_+
1	833347	0	1	1_833347_833348_+
1	833514	0	2	1_833514_833515_+
1	833572	0	1	1_833572_833573_+
1	833593	0	2	1_833593_833594_+
1	833972	0	1	1_833972_833973_+
1	833978	0	1	1_833978_833979_+
1	834183	0	2	1_834183_834184_+
1	834247	0	1	1_834247_834248_+
1	834276	0	2	1_834276_834277_+
1	834356	0	1	1_834356_834357_+
1	834358	0	1	1_834358_834359_+
1	835923	0	1	1_835923_835924_+
1	836204	0	1	1_836204_836205_+
1	836518	0	1	1_836518_836519_+
1	836578	0	1	1_836578_836579_+
1	837603	0	1	1_837603_837604_+
1	837717	0	1	1_837717_837718_+
1	837736	0	2	1_837736_837737_+
1	837929	0	1	1_837929_837930_+
1	838021	0	1	1_838021_838022_+
1	838108	0	1	1_838108_838109_+
1	838110	1	1	1_838110_838111_+
1	838308	0	1	1_838308_838309_+
1	838349	1	1	1_838349_838350_+
1	838352	0	1	1_838352_838353_+
1	838361	0	1	1_838361_838362_+
1	838368	0	1	1_838368_838369_+
1	838371	0	1	1_838371_838372_+
1	838382	0	1	1_838382_838383_+
1	838395	0	3	1_838395_838396_+
1	838701	0	1	1_838701_838702_+
1	838785	0	1	1_838785_838786_+
1	839214	0	1	1_839214_839215_+
1	839349	0	1	1_839349_839350_+
1	839355	0	1	1_839355_839356_+
1	839508	0	1	1_839508_839509_+
1	839780	0	1	1_839780_839781_+
1	839867	0	1	1_839867_839868_+
1	839871	0	1	1_839871_839872_+
1	839877	0	1	1_839877_839878_+
1	840149	0	2	1_840149_840150_+
1	840175	0	1	1_840175_840176_+
1	840177	0	1	1_840177_840178_+
1	840180	0	1	1_840180_840181_+
1	840183	0	1	1_840183_840184_+
1	840313	0	1	1_840313_840314_+
1	840316	0	1	1_840316_840317_+
1	840319	0	1	1_840319_840320_+
1	840357	0	1	1_840357_840358_+
1	840365	0	1	1_840365_840366_+
1	840512	0	1	1_840512_840513_+
1	840514	0	1	1_840514_840515_+
1	840529	0	1	1_840529_840530_+
1	840596	0	1	1_840596_840597_+
1	840605	0	3	1_840605_840606_+
1	840611	0	3	1_840611_840612_+
1	840618	0	1	1_840618_840619_+
1	840680	0	1	1_840680_840681_+
1	840684	0	1	1_840684_840685_+
1	840723	0	1	1_840723_840724_+
1	840748	0	2	1_840748_840749_+
1	840750	0	2	1_840750_840751_+
1	840784	0	2	1_840784_840785_+
1	840846	0	1	1_840846_840847_+
1	840889	0	2	1_840889_840890_+
1	840913	0	1	1_840913_840914_+
1	840917	0	1	1_840917_840918_+
1	840990	0	1	1_840990_840991_+
1	841028	0	1	1_841028_841029_+
1	841039	0	1	1_841039_841040_+
1	841067	0	1	1_841067_841068_+
1	841219	0	1	1_841219_841220_+
1	841404	0	2	1_841404_841405_+
1	841761	0	2	1_841761_841762_+
1	841763	0	2	1_841763_841764_+
1	843221	0	1	1_843221_843222_+
1	843238	0	1	1_843238_843239_+
1	843641	0	2	1_843641_843642_+
1	844281	0	1	1_844281_844282_+
1	844851	0	1	1_844851_844852_+
1	844855	0	1	1_844855_844856_+
1	845247	0	1	1_845247_845248_+
1	845271	0	1	1_845271_845272_+
1	845336	0	1	1_845336_845337_+
1	845339	0	1	1_845339_845340_+
1	845341	0	1	1_845341_845342_+
1	845390	0	1	1_845390_845391_+
1	845446	0	1	1_845446_845447_+
1	845448	0	1	1_845448_845449_+
1	845458	0	1	1_845458_845459_+
1	845561	0	1	1_845561_845562_+
1	845668	0	1	1_845668_845669_+
1	845727	0	1	1_845727_845728_+
1	845737	0	2	1_845737_845738_+
1	845847	0	1	1_845847_845848_+
1	846062	0	1	1_846062_846063_+
1	846142	0	1	1_846142_846143_+
1	846151	0	1	1_846151_846152_+
1	846507	0	1	1_846507_846508_+
1	846640	0	3	1_846640_846641_+
1	846744	0	1	1_846744_846745_+
1	846919	0	1	1_846919_846920_+
1	847393	0	2	1_847393_847394_+
1	847457	0	1	1_847457_847458_+
1	847784	0	1	1_847784_847785_+
1	848052	0	1	1_848052_848053_+
1	848493	0	1	1_848493_848494_+
1	848662	0	1	1_848662_848663_+
1	849476	0	1	1_849476_849477_+
1	849578	0	1	1_849578_849579_+
1	849860	0	1	1_849860_849861_+
1	850051	0	1	1_850051_850052_+
1	850252	0	1	1_850252_850253_+
1	850429	0	1	1_850429_850430_+
1	850756	0	1	1_850756_850757_+
1	850762	0	1	1_850762_850763_+
1	851218	0	1	1_851218_851219_+
1	851520	0	1	1_851520_851521_+
1	851619	0	1	1_851619_851620_+
1	851772	0	1	1_851772_851773_+
1	852139	0	1	1_852139_852140_+
1	852294	0	1	1_852294_852295_+
1	852694	0	1	1_852694_852695_+
1	853190	0	1	1_853190_853191_+
1	853373	0	1	1_853373_853374_+
1	853809	0	1	1_853809_853810_+
1	854081	0	1	1_854081_854082_+
1	854583	0	2	1_854583_854584_+
1	854766	0	1	1_854766_854767_+
1	854876	0	1	1_854876_854877_+
1	855109	0	2	1_855109_855110_+
1	855210	0	1	1_855210_855211_+
1	855876	0	1	1_855876_855877_+
1	856047	0	1	1_856047_856048_+
1	856109	0	1	1_856109_856110_+
1	856466	0	1	1_856466_856467_+
1	856643	0	2	1_856643_856644_+
1	856651	0	2	1_856651_856652_+
1	856678	0	1	1_856678_856679_+
1	856764	0	2	1_856764_856765_+
1	856956	0	1	1_856956_856957_+
1	857015	0	1	1_857015_857016_+
1	857657	0	1	1_857657_857658_+
1	857705	0	2	1_857705_857706_+
1	858218	0	1	1_858218_858219_+
1	858406	0	1	1_858406_858407_+
1	858429	0	1	1_858429_858430_+
1	858547	0	1	1_858547_858548_+
1	858790	0	1	1_858790_858791_+
1	858831	0	2	1_858831_858832_+
1	858874	0	2	1_858874_858875_+
1	859010	0	1	1_859010_859011_+
1	859086	0	1	1_859086_859087_+
1	859091	0	1	1_859091_859092_+
1	859141	0	2	1_859141_859142_+
1	859145	0	2	1_859145_859146_+
1	859293	0	2	1_859293_859294_+
1	859296	0	2	1_859296_859297_+
1	859299	0	2	1_859299_859300_+
1	859302	0	1	1_859302_859303_+
1	859305	0	1	1_859305_859306_+
1	859308	0	1	1_859308_859309_+
1	859368	0	1	1_859368_859369_+
1	859432	0	1	1_859432_859433_+
1	859506	0	1	1_859506_859507_+
1	859511	0	1	1_859511_859512_+
1	859525	0	1	1_859525_859526_+
1	859530	0	1	1_859530_859531_+
1	859540	0	4	1_859540_859541_+
1	859617	0	1	1_859617_859618_+
1	859620	0	1	1_859620_859621_+
1	859624	0	1	1_859624_859625_+
1	859637	0	1	1_859637_859638_+
1	859719	0	2	1_859719_859720_+
1	859727	0	2	1_859727_859728_+
1	859870	0	2	1_859870_859871_+
1	859879	0	1	1_859879_859880_+
1	859897	0	1	1_859897_859898_+
1	859903	0	1	1_859903_859904_+
1	859906	0	1	1_859906_859907_+
1	859970	0	1	1_859970_859971_+
1	859975	0	2	1_859975_859976_+
1	859979	0	3	1_859979_859980_+
1	859988	0	2	1_859988_859989_+
1	860077	0	2	1_860077_860078_+
1	860087	0	1	1_860087_860088_+
1	860091	0	1	1_860091_860092_+
1	860098	0	1	1_860098_860099_+
1	860144	0	2	1_860144_860145_+
1	860147	0	2	1_860147_860148_+
1	860152	0	1	1_860152_860153_+
1	860171	0	1	1_860171_860172_+
1	860174	0	1	1_860174_860175_+
1	860181	0	1	1_860181_860182_+
1	860183	0	1	1_860183_860184_+
1	860185	0	1	1_860185_860186_+
1	860276	0	1	1_860276_860277_+
1	860282	0	1	1_860282_860283_+
1	860319	0	1	1_860319_860320_+
1	860348	0	2	1_860348_860349_+
1	860354	0	2	1_860354_860355_+
1	860446	0	1	1_860446_860447_+
1	860448	0	1	1_860448_860449_+
1	860463	0	1	1_860463_860464_+
1	860465	0	1	1_860465_860466_+
1	860467	0	1	1_860467_860468_+
1	860469	0	1	1_860469_860470_+
1	860478	0	1	1_860478_860479_+
1	860496	0	1	1_860496_860497_+
1	860560	0	1	1_860560_860561_+
1	860564	0	1	1_860564_860565_+
1	860577	0	1	1_860577_860578_+
1	860629	0	1	1_860629_860630_+
1	860663	0	1	1_860663_860664_+
1	860669	0	1	1_860669_860670_+
1	860695	0	1	1_860695_860696_+
1	860699	0	1	1_860699_860700_+
1	860705	0	1	1_860705_860706_+
1	860767	0	1	1_860767_860768_+
1	860908	0	1	1_860908_860909_+
1	860916	0	1	1_860916_860917_+
1	860918	0	1	1_860918_860919_+
1	860938	0	1	1_860938_860939_+
1	860940	0	1	1_860940_860941_+
1	860999	0	1	1_860999_861000_+
1	861006	0	1	1_861006_861007_+
1	861015	0	1	1_861015_861016_+
1	861037	0	1	1_861037_861038_+
1	861039	0	1	1_861039_861040_+
1	861054	0	1	1_861054_861055_+
1	861064	0	1	1_861064_861065_+
1	861090	0	1	1_861090_861091_+
1	861099	0	1	1_861099_861100_+
1	861250	0	1	1_861250_861251_+
1	861252	0	1	1_861252_861253_+
1	861287	0	1	1_861287_861288_+
1	861360	0	1	1_861360_861361_+
1	861453	0	1	1_861453_861454_+
1	861590	0	1	1_861590_861591_+
1	862297	0	1	1_862297_862298_+
1	862378	0	1	1_862378_862379_+
1	862802	0	1	1_862802_862803_+
1	863163	0	1	1_863163_863164_+
1	863330	0	1	1_863330_863331_+
1	863495	0	2	1_863495_863496_+
1	864548	0	1	1_864548_864549_+
1	864586	0	1	1_864586_864587_+
1	864591	0	2	1_864591_864592_+
1	864599	0	1	1_864599_864600_+
1	864639	0	2	1_864639_864640_+
1	864879	0	1	1_864879_864880_+
1	864975	0	1	1_864975_864976_+
1	865136	0	2	1_865136_865137_+
1	865280	0	1	1_865280_865281_+
1	865601	0	5	1_865601_865602_+
1	866164	0	1	1_866164_866165_+
1	866568	0	2	1_866568_866569_+
1	867612	0	1	1_867612_867613_+
1	867646	0	2	1_867646_867647_+
1	868236	0	1	1_868236_868237_+
1	870374	0	1	1_870374_870375_+
1	870573	0	1	1_870573_870574_+
1	870584	0	1	1_870584_870585_+
1	870619	0	1	1_870619_870620_+
1	871472	0	1	1_871472_871473_+
1	871484	0	1	1_871484_871485_+
1	871546	0	1	1_871546_871547_+
1	871568	0	1	1_871568_871569_+
1	871620	0	1	1_871620_871621_+
1	871640	0	3	1_871640_871641_+
1	871776	0	1	1_871776_871777_+
1	871813	0	2	1_871813_871814_+
1	871834	0	1	1_871834_871835_+
1	871980	0	1	1_871980_871981_+
1	871992	0	2	1_871992_871993_+
1	872322	0	1	1_872322_872323_+
1	872328	0	1	1_872328_872329_+
1	872369	0	2	1_872369_872370_+
1	872385	0	3	1_872385_872386_+
1	872494	0	1	1_872494_872495_+
1	872991	0	1	1_872991_872992_+
1	873061	0	2	1_873061_873062_+
1	873082	0	1	1_873082_873083_+
1	873089	0	1	1_873089_873090_+
1	873167	0	1	1_873167_873168_+
1	874466	0	1	1_874466_874467_+
1	874638	0	1	1_874638_874639_+
1	874711	0	1	1_874711_874712_+
1	875309	0	2	1_875309_875310_+
1	875314	0	2	1_875314_875315_+
1	875388	0	1	1_875388_875389_+
1	875503	0	1	1_875503_875504_+
1	875606	0	1	1_875606_875607_+
1	875966	0	1	1_875966_875967_+
1	875968	0	1	1_875968_875969_+
1	876021	0	1	1_876021_876022_+
1	876027	0	1	1_876027_876028_+
1	876061	0	1	1_876061_876062_+
1	876065	0	1	1_876065_876066_+
1	876224	0	1	1_876224_876225_+
1	876262	0	1	1_876262_876263_+
1	876320	0	1	1_876320_876321_+
1	876551	0	1	1_876551_876552_+
1	876651	0	1	1_876651_876652_+
1	876654	0	1	1_876654_876655_+
1	876666	0	1	1_876666_876667_+
1	876740	0	1	1_876740_876741_+
1	876742	0	1	1_876742_876743_+
1	876760	0	1	1_876760_876761_+
1	876762	0	1	1_876762_876763_+
1	876767	0	1	1_876767_876768_+
1	876993	0	2	1_876993_876994_+
1	877014	0	1	1_877014_877015_+
1	877115	0	1	1_877115_877116_+
1	877135	0	1	1_877135_877136_+
1	877162	0	2	1_877162_877163_+
1	877171	0	2	1_877171_877172_+
1	877217	0	1	1_877217_877218_+
1	877223	0	1	1_877223_877224_+
1	877270	0	1	1_877270_877271_+
1	877273	0	1	1_877273_877274_+
1	877412	0	1	1_877412_877413_+
1	877416	0	1	1_877416_877417_+
1	877418	0	1	1_877418_877419_+
1	877424	0	2	1_877424_877425_+
1	877434	0	2	1_877434_877435_+
1	877501	0	1	1_877501_877502_+
1	877545	0	2	1_877545_877546_+
1	877548	0	2	1_877548_877549_+
1	877564	0	1	1_877564_877565_+
1	877641	0	1	1_877641_877642_+
1	877684	0	1	1_877684_877685_+
1	877699	0	1	1_877699_877700_+
1	877705	0	1	1_877705_877706_+
1	877710	0	1	1_877710_877711_+
1	877827	0	2	1_877827_877828_+
1	877951	0	1	1_877951_877952_+
1	877954	0	1	1_877954_877955_+
1	877984	0	1	1_877984_877985_+
1	877988	0	1	1_877988_877989_+
1	878121	0	1	1_878121_878122_+
1	878128	0	1	1_878128_878129_+
1	878162	0	1	1_878162_878163_+
1	878226	0	1	1_878226_878227_+
1	878256	0	1	1_878256_878257_+
1	878721	0	2	1_878721_878722_+
1	878755	0	1	1_878755_878756_+
1	879167	0	1	1_879167_879168_+
1	879306	0	1	1_879306_879307_+
1	879840	0	1	1_879840_879841_+
1	880116	0	1	1_880116_880117_+
1	880631	0	1	1_880631_880632_+
1	881446	0	1	1_881446_881447_+
1	882471	0	1	1_882471_882472_+
1	882722	0	1	1_882722_882723_+
1	882968	0	2	1_882968_882969_+
1	884417	0	1	1_884417_884418_+
1	884942	0	2	1_884942_884943_+
1	885553	0	1	1_885553_885554_+
1	886357	0	1	1_886357_886358_+
1	886396	0	3	1_886396_886397_+
1	886586	0	2	1_886586_886587_+
1	887143	0	1	1_887143_887144_+
1	887817	0	2	1_887817_887818_+
1	887939	0	1	1_887939_887940_+
1	888088	0	1	1_888088_888089_+
1	888099	0	1	1_888099_888100_+
1	888914	0	1	1_888914_888915_+
1	888957	0	1	1_888957_888958_+
1	888966	0	3	1_888966_888967_+
1	889334	0	1	1_889334_889335_+
1	889501	0	2	1_889501_889502_+
1	889506	0	2	1_889506_889507_+
1	889510	0	1	1_889510_889511_+
1	889533	0	1	1_889533_889534_+
1	889535	0	1	1_889535_889536_+
1	889874	0	1	1_889874_889875_+
1	890083	0	4	1_890083_890084_+
1	890463	0	1	1_890463_890464_+
1	890764	0	1	1_890764_890765_+
1	890804	0	2	1_890804_890805_+
1	891158	0	1	1_891158_891159_+
1	891987	0	1	1_891987_891988_+
1	892306	0	1	1_892306_892307_+
1	892309	0	1	1_892309_892310_+
1	892857	0	1	1_892857_892858_+
1	892859	0	1	1_892859_892860_+
1	892893	0	1	1_892893_892894_+
1	892912	0	1	1_892912_892913_+
1	892914	0	1	1_892914_892915_+
1	892948	0	3	1_892948_892949_+
1	893067	0	1	1_893067_893068_+
1	893534	0	1	1_893534_893535_+
1	893605	0	1	1_893605_893606_+
1	893757	0	1	1_893757_893758_+
1	893790	0	1	1_893790_893791_+
1	894272	0	1	1_894272_894273_+
1	894357	0	1	1_894357_894358_+
1	894403	0	1	1_894403_894404_+
1	894409	0	1	1_894409_894410_+
