#chrom	genomicpos	deaminated	total	bedcoord
1	10497	0	1	1_10497_10498_+
1	10563	0	1	1_10563_10564_+
1	10577	0	1	1_10577_10578_+
1	14791	0	1	1_14791_14792_+
1	14954	0	1	1_14954_14955_+
1	15513	0	1	1_15513_15514_+
1	15526	0	1	1_15526_15527_+
1	17483	0	2	1_17483_17484_+
1	17492	1	4	1_17492_17493_+
1	17701	0	1	1_17701_17702_+
1	51442	0	1	1_51442_51443_+
1	51458	0	1	1_51458_51459_+
1	51975	0	1	1_51975_51976_+
1	52015	0	1	1_52015_52016_+
1	52028	0	1	1_52028_52029_+
1	52033	0	1	1_52033_52034_+
1	54649	0	1	1_54649_54650_+
1	55885	0	2	1_55885_55886_+
1	58447	0	1	1_58447_58448_+
1	62140	0	1	1_62140_62141_+
1	63322	0	1	1_63322_63323_+
1	73228	0	1	1_73228_73229_+
1	73951	0	1	1_73951_73952_+
1	77129	0	1	1_77129_77130_+
1	79787	0	1	1_79787_79788_+
1	82715	0	1	1_82715_82716_+
1	91159	0	1	1_91159_91160_+
1	94860	0	1	1_94860_94861_+
1	95073	0	1	1_95073_95074_+
1	99579	0	1	1_99579_99580_+
1	102988	0	3	1_102988_102989_+
1	103064	0	2	1_103064_103065_+
1	103988	0	1	1_103988_103989_+
1	104242	0	1	1_104242_104243_+
1	109105	0	1	1_109105_109106_+
1	115636	0	1	1_115636_115637_+
1	115672	0	2	1_115672_115673_+
1	133145	0	2	1_133145_133146_+
1	133180	0	2	1_133180_133181_+
1	133277	0	1	1_133277_133278_+
1	135178	0	1	1_135178_135179_+
1	135207	0	3	1_135207_135208_+
1	135217	0	2	1_135217_135218_+
1	135232	0	2	1_135232_135233_+
1	135252	0	2	1_135252_135253_+
1	135281	0	1	1_135281_135282_+
1	135297	0	1	1_135297_135298_+
1	136485	0	1	1_136485_136486_+
1	136520	0	1	1_136520_136521_+
1	136522	0	1	1_136522_136523_+
1	136534	0	1	1_136534_136535_+
1	136618	0	2	1_136618_136619_+
1	136620	1	2	1_136620_136621_+
1	136718	0	2	1_136718_136719_+
1	136730	0	3	1_136730_136731_+
1	136766	0	1	1_136766_136767_+
1	136778	0	1	1_136778_136779_+
1	136797	0	1	1_136797_136798_+
1	136911	0	2	1_136911_136912_+
1	136925	0	2	1_136925_136926_+
1	137169	0	1	1_137169_137170_+
1	137814	0	1	1_137814_137815_+
1	139073	0	3	1_139073_139074_+
1	164125	0	2	1_164125_164126_+
1	230018	0	1	1_230018_230019_+
1	241225	0	1	1_241225_241226_+
1	243648	0	1	1_243648_243649_+
1	245455	0	1	1_245455_245456_+
1	252848	0	1	1_252848_252849_+
1	324545	0	1	1_324545_324546_+
1	324555	0	1	1_324555_324556_+
1	404601	0	1	1_404601_404602_+
1	414113	0	1	1_414113_414114_+
1	414115	0	1	1_414115_414116_+
1	525983	0	2	1_525983_525984_+
1	525990	0	2	1_525990_525991_+
1	526065	0	1	1_526065_526066_+
1	526986	1	1	1_526986_526987_+
1	527213	0	1	1_527213_527214_+
1	528438	0	1	1_528438_528439_+
1	532558	1	1	1_532558_532559_+
1	533127	1	2	1_533127_533128_+
1	533234	0	1	1_533234_533235_+
1	534190	0	1	1_534190_534191_+
1	534780	0	1	1_534780_534781_+
1	540800	0	1	1_540800_540801_+
1	540827	0	1	1_540827_540828_+
1	540837	0	1	1_540837_540838_+
1	540839	0	1	1_540839_540840_+
1	544811	0	1	1_544811_544812_+
1	544842	0	1	1_544842_544843_+
1	546169	1	1	1_546169_546170_+
1	562049	0	3	1_562049_562050_+
1	564471	0	1	1_564471_564472_+
1	564691	0	1	1_564691_564692_+
1	564697	0	1	1_564697_564698_+
1	564702	0	1	1_564702_564703_+
1	564895	0	1	1_564895_564896_+
1	565397	0	1	1_565397_565398_+
1	565949	0	1	1_565949_565950_+
1	566287	0	1	1_566287_566288_+
1	566290	0	1	1_566290_566291_+
1	566293	0	2	1_566293_566294_+
1	566340	0	1	1_566340_566341_+
1	566995	1	1	1_566995_566996_+
1	567390	0	1	1_567390_567391_+
1	567438	0	1	1_567438_567439_+
1	567549	0	1	1_567549_567550_+
1	568013	0	1	1_568013_568014_+
1	568400	0	1	1_568400_568401_+
1	569081	0	3	1_569081_569082_+
1	569942	0	1	1_569942_569943_+
1	571742	0	2	1_571742_571743_+
1	571899	0	1	1_571899_571900_+
1	586134	0	1	1_586134_586135_+
1	592281	0	1	1_592281_592282_+
1	592317	0	1	1_592317_592318_+
1	600172	0	1	1_600172_600173_+
1	615330	0	1	1_615330_615331_+
1	625472	0	1	1_625472_625473_+
1	636747	0	1	1_636747_636748_+
1	637725	0	1	1_637725_637726_+
1	656074	0	1	1_656074_656075_+
1	662645	0	1	1_662645_662646_+
1	664561	0	1	1_664561_664562_+
1	667325	0	1	1_667325_667326_+
1	668476	0	1	1_668476_668477_+
1	669623	0	1	1_669623_669624_+
1	672270	0	1	1_672270_672271_+
1	672938	0	1	1_672938_672939_+
1	674301	0	1	1_674301_674302_+
1	699946	0	1	1_699946_699947_+
1	699965	0	1	1_699965_699966_+
1	700490	0	2	1_700490_700491_+
1	701859	0	1	1_701859_701860_+
1	704243	0	1	1_704243_704244_+
1	704315	0	1	1_704315_704316_+
1	705870	0	1	1_705870_705871_+
1	705907	0	1	1_705907_705908_+
1	707095	0	1	1_707095_707096_+
1	708897	0	1	1_708897_708898_+
1	709215	0	1	1_709215_709216_+
1	710190	0	4	1_710190_710191_+
1	710218	0	1	1_710218_710219_+
1	712545	0	4	1_712545_712546_+
1	712739	0	1	1_712739_712740_+
1	713113	0	1	1_713113_713114_+
1	713200	0	1	1_713200_713201_+
1	713205	0	1	1_713205_713206_+
1	713293	0	1	1_713293_713294_+
1	713388	0	3	1_713388_713389_+
1	713481	0	1	1_713481_713482_+
1	713512	0	1	1_713512_713513_+
1	713921	0	1	1_713921_713922_+
1	714049	0	2	1_714049_714050_+
1	714052	0	2	1_714052_714053_+
1	714083	0	1	1_714083_714084_+
1	714096	0	4	1_714096_714097_+
1	714137	0	2	1_714137_714138_+
1	714139	0	1	1_714139_714140_+
1	714177	0	2	1_714177_714178_+
1	714198	0	1	1_714198_714199_+
1	714202	0	2	1_714202_714203_+
1	714213	0	1	1_714213_714214_+
1	714239	0	1	1_714239_714240_+
1	714264	0	1	1_714264_714265_+
1	714307	0	1	1_714307_714308_+
1	714313	0	1	1_714313_714314_+
1	714317	0	1	1_714317_714318_+
1	714362	0	1	1_714362_714363_+
1	714366	0	1	1_714366_714367_+
1	714830	0	1	1_714830_714831_+
1	715079	0	1	1_715079_715080_+
1	715083	0	1	1_715083_715084_+
1	715110	0	1	1_715110_715111_+
1	715277	0	1	1_715277_715278_+
1	715283	0	1	1_715283_715284_+
1	715389	0	2	1_715389_715390_+
1	715391	0	1	1_715391_715392_+
1	715414	0	2	1_715414_715415_+
1	716092	0	1	1_716092_716093_+
1	717601	0	3	1_717601_717602_+
1	720695	0	2	1_720695_720696_+
1	721427	0	1	1_721427_721428_+
1	723701	0	1	1_723701_723702_+
1	724240	0	2	1_724240_724241_+
1	724246	0	2	1_724246_724247_+
1	724260	0	1	1_724260_724261_+
1	724641	0	1	1_724641_724642_+
1	724710	0	3	1_724710_724711_+
1	724806	0	1	1_724806_724807_+
1	725040	0	2	1_725040_725041_+
1	725056	0	2	1_725056_725057_+
1	725346	0	1	1_725346_725347_+
1	725871	0	1	1_725871_725872_+
1	725986	0	1	1_725986_725987_+
1	726540	0	1	1_726540_726541_+
1	726570	0	2	1_726570_726571_+
1	726734	0	2	1_726734_726735_+
1	726904	0	1	1_726904_726905_+
1	728402	0	1	1_728402_728403_+
1	728923	0	1	1_728923_728924_+
1	729015	0	1	1_729015_729016_+
1	729852	0	1	1_729852_729853_+
1	731154	1	1	1_731154_731155_+
1	731707	0	1	1_731707_731708_+
1	732127	0	1	1_732127_732128_+
1	734133	0	1	1_734133_734134_+
1	734327	0	1	1_734327_734328_+
1	736025	0	1	1_736025_736026_+
1	736073	0	1	1_736073_736074_+
1	736785	0	1	1_736785_736786_+
1	739682	0	1	1_739682_739683_+
1	739686	0	2	1_739686_739687_+
1	740303	0	2	1_740303_740304_+
1	740743	0	1	1_740743_740744_+
1	742369	0	1	1_742369_742370_+
1	747751	0	2	1_747751_747752_+
1	748508	0	1	1_748508_748509_+
1	751772	0	1	1_751772_751773_+
1	752454	0	1	1_752454_752455_+
1	752673	0	2	1_752673_752674_+
1	752747	0	2	1_752747_752748_+
1	753376	0	1	1_753376_753377_+
1	753379	0	2	1_753379_753380_+
1	753478	0	1	1_753478_753479_+
1	753666	0	2	1_753666_753667_+
1	754108	0	2	1_754108_754109_+
1	754137	0	1	1_754137_754138_+
1	754244	0	1	1_754244_754245_+
1	754820	0	1	1_754820_754821_+
1	754906	0	1	1_754906_754907_+
1	755209	0	1	1_755209_755210_+
1	755523	0	2	1_755523_755524_+
1	755728	0	1	1_755728_755729_+
1	755798	0	1	1_755798_755799_+
1	756453	0	1	1_756453_756454_+
1	756518	0	1	1_756518_756519_+
1	756558	0	3	1_756558_756559_+
1	756640	0	1	1_756640_756641_+
1	757039	0	2	1_757039_757040_+
1	757199	0	1	1_757199_757200_+
1	758163	0	1	1_758163_758164_+
1	758243	0	1	1_758243_758244_+
1	758350	0	1	1_758350_758351_+
1	758945	0	2	1_758945_758946_+
1	759551	0	1	1_759551_759552_+
1	759844	0	1	1_759844_759845_+
1	760964	0	1	1_760964_760965_+
1	761298	0	1	1_761298_761299_+
1	761370	0	2	1_761370_761371_+
1	762113	0	1	1_762113_762114_+
1	762179	0	1	1_762179_762180_+
1	762323	0	1	1_762323_762324_+
1	762498	0	1	1_762498_762499_+
1	762505	0	1	1_762505_762506_+
1	762641	0	2	1_762641_762642_+
1	762793	0	2	1_762793_762794_+
1	762850	0	2	1_762850_762851_+
1	762882	0	3	1_762882_762883_+
1	762891	0	2	1_762891_762892_+
1	762897	0	1	1_762897_762898_+
1	762912	0	1	1_762912_762913_+
1	762915	0	1	1_762915_762916_+
1	762917	0	1	1_762917_762918_+
1	762919	0	1	1_762919_762920_+
1	762926	0	1	1_762926_762927_+
1	763524	0	1	1_763524_763525_+
1	764421	0	1	1_764421_764422_+
1	764594	0	1	1_764594_764595_+
1	765531	0	1	1_765531_765532_+
1	766328	1	2	1_766328_766329_+
1	766946	0	1	1_766946_766947_+
1	767097	0	2	1_767097_767098_+
1	767220	0	3	1_767220_767221_+
1	767253	0	2	1_767253_767254_+
1	767493	0	2	1_767493_767494_+
1	767605	0	1	1_767605_767606_+
1	768049	0	3	1_768049_768050_+
1	769054	0	1	1_769054_769055_+
1	769251	0	1	1_769251_769252_+
1	769271	0	2	1_769271_769272_+
1	769890	0	2	1_769890_769891_+
1	769893	0	2	1_769893_769894_+
1	770390	0	1	1_770390_770391_+
1	771076	0	1	1_771076_771077_+
1	771897	0	3	1_771897_771898_+
1	772322	0	3	1_772322_772323_+
1	772957	0	1	1_772957_772958_+
1	773936	0	1	1_773936_773937_+
1	775357	0	1	1_775357_775358_+
1	775674	0	3	1_775674_775675_+
1	775766	0	1	1_775766_775767_+
1	776706	0	1	1_776706_776707_+
1	776977	0	3	1_776977_776978_+
1	777013	0	1	1_777013_777014_+
1	777046	0	1	1_777046_777047_+
1	777241	0	1	1_777241_777242_+
1	777244	0	1	1_777244_777245_+
1	777287	0	3	1_777287_777288_+
1	777960	0	1	1_777960_777961_+
1	778111	0	5	1_778111_778112_+
1	778148	0	1	1_778148_778149_+
1	778288	0	2	1_778288_778289_+
1	778292	0	2	1_778292_778293_+
1	778330	0	2	1_778330_778331_+
1	778443	0	1	1_778443_778444_+
1	778600	0	1	1_778600_778601_+
1	778743	0	4	1_778743_778744_+
1	778871	0	4	1_778871_778872_+
1	779077	0	1	1_779077_779078_+
1	779548	0	1	1_779548_779549_+
1	780086	0	2	1_780086_780087_+
1	780101	0	3	1_780101_780102_+
1	780206	0	2	1_780206_780207_+
1	780325	0	4	1_780325_780326_+
1	780878	0	1	1_780878_780879_+
1	780893	0	1	1_780893_780894_+
1	781374	0	1	1_781374_781375_+
1	782169	0	1	1_782169_782170_+
1	782245	0	4	1_782245_782246_+
1	782283	0	1	1_782283_782284_+
1	783095	0	4	1_783095_783096_+
1	783128	0	1	1_783128_783129_+
1	783254	1	2	1_783254_783255_+
1	783649	0	3	1_783649_783650_+
1	784177	0	1	1_784177_784178_+
1	784411	0	2	1_784411_784412_+
1	784602	0	1	1_784602_784603_+
1	785059	0	2	1_785059_785060_+
1	785073	0	3	1_785073_785074_+
1	785592	0	1	1_785592_785593_+
1	785628	0	2	1_785628_785629_+
1	785635	0	1	1_785635_785636_+
1	785702	0	1	1_785702_785703_+
1	785706	0	2	1_785706_785707_+
1	785722	0	1	1_785722_785723_+
1	785802	0	2	1_785802_785803_+
1	787020	0	1	1_787020_787021_+
1	787027	0	1	1_787027_787028_+
1	787421	0	2	1_787421_787422_+
1	787423	0	2	1_787423_787424_+
1	788365	0	2	1_788365_788366_+
1	788373	0	1	1_788373_788374_+
1	788435	1	2	1_788435_788436_+
1	788487	0	2	1_788487_788488_+
1	788503	0	1	1_788503_788504_+
1	788531	0	3	1_788531_788532_+
1	788533	0	2	1_788533_788534_+
1	789232	0	1	1_789232_789233_+
1	789259	0	2	1_789259_789260_+
1	789359	1	3	1_789359_789360_+
1	789876	0	3	1_789876_789877_+
1	789950	0	2	1_789950_789951_+
1	790025	0	2	1_790025_790026_+
1	790035	0	2	1_790035_790036_+
1	790109	0	1	1_790109_790110_+
1	790399	0	2	1_790399_790400_+
1	790432	0	1	1_790432_790433_+
1	790463	0	1	1_790463_790464_+
1	790748	0	1	1_790748_790749_+
1	791054	0	1	1_791054_791055_+
1	791298	0	1	1_791298_791299_+
1	791543	0	2	1_791543_791544_+
1	791869	0	1	1_791869_791870_+
1	792126	0	3	1_792126_792127_+
1	792150	0	1	1_792150_792151_+
1	792185	0	1	1_792185_792186_+
1	792405	0	1	1_792405_792406_+
1	792496	0	1	1_792496_792497_+
1	792693	0	1	1_792693_792694_+
1	794033	0	1	1_794033_794034_+
1	794162	0	3	1_794162_794163_+
1	794230	0	5	1_794230_794231_+
1	795036	0	2	1_795036_795037_+
1	795679	0	2	1_795679_795680_+
1	795725	0	2	1_795725_795726_+
1	796076	0	1	1_796076_796077_+
1	796128	0	2	1_796128_796129_+
1	796162	0	2	1_796162_796163_+
1	796203	0	1	1_796203_796204_+
1	796249	0	1	1_796249_796250_+
1	796521	0	2	1_796521_796522_+
1	797625	0	1	1_797625_797626_+
1	799001	0	2	1_799001_799002_+
1	799300	0	1	1_799300_799301_+
1	799419	0	1	1_799419_799420_+
1	799730	0	1	1_799730_799731_+
1	800349	0	1	1_800349_800350_+
1	801090	0	3	1_801090_801091_+
1	801122	0	1	1_801122_801123_+
1	801290	0	2	1_801290_801291_+
1	801595	0	1	1_801595_801596_+
1	801616	0	3	1_801616_801617_+
1	801819	0	3	1_801819_801820_+
1	801850	0	2	1_801850_801851_+
1	801868	0	2	1_801868_801869_+
1	801875	0	1	1_801875_801876_+
1	801896	0	1	1_801896_801897_+
1	801916	0	1	1_801916_801917_+
1	801984	0	1	1_801984_801985_+
1	802386	0	1	1_802386_802387_+
1	802523	0	1	1_802523_802524_+
1	802584	0	1	1_802584_802585_+
1	802819	0	2	1_802819_802820_+
1	804432	0	2	1_804432_804433_+
1	804945	0	2	1_804945_804946_+
1	804999	0	1	1_804999_805000_+
1	805158	0	2	1_805158_805159_+
1	805199	0	1	1_805199_805200_+
1	805201	0	1	1_805201_805202_+
1	805214	0	6	1_805214_805215_+
1	805228	0	2	1_805228_805229_+
1	805230	0	2	1_805230_805231_+
1	805252	0	1	1_805252_805253_+
1	805273	0	2	1_805273_805274_+
1	805312	0	2	1_805312_805313_+
1	805314	0	1	1_805314_805315_+
1	805318	0	1	1_805318_805319_+
1	805320	0	1	1_805320_805321_+
1	805327	0	1	1_805327_805328_+
1	805341	0	1	1_805341_805342_+
1	805352	0	1	1_805352_805353_+
1	805377	0	1	1_805377_805378_+
1	805382	0	1	1_805382_805383_+
1	805428	0	4	1_805428_805429_+
1	805434	0	2	1_805434_805435_+
1	805436	0	2	1_805436_805437_+
1	805444	0	1	1_805444_805445_+
1	805467	0	2	1_805467_805468_+
1	805484	0	3	1_805484_805485_+
1	805500	0	1	1_805500_805501_+
1	805538	0	2	1_805538_805539_+
1	805541	0	3	1_805541_805542_+
1	805554	0	3	1_805554_805555_+
1	805573	0	1	1_805573_805574_+
1	805616	0	3	1_805616_805617_+
1	805627	0	1	1_805627_805628_+
1	805746	0	1	1_805746_805747_+
1	805786	0	2	1_805786_805787_+
1	806051	1	1	1_806051_806052_+
1	806231	0	2	1_806231_806232_+
1	808562	0	5	1_808562_808563_+
1	808584	0	1	1_808584_808585_+
1	808748	0	2	1_808748_808749_+
1	808946	0	1	1_808946_808947_+
1	809107	0	1	1_809107_809108_+
1	809450	0	3	1_809450_809451_+
1	809565	0	2	1_809565_809566_+
1	809594	0	1	1_809594_809595_+
1	810095	0	2	1_810095_810096_+
1	810599	0	2	1_810599_810600_+
1	810603	0	3	1_810603_810604_+
1	811166	0	2	1_811166_811167_+
1	811348	0	2	1_811348_811349_+
1	811492	0	1	1_811492_811493_+
1	811559	0	1	1_811559_811560_+
1	811745	0	3	1_811745_811746_+
1	811759	0	3	1_811759_811760_+
1	812640	0	1	1_812640_812641_+
1	813771	0	1	1_813771_813772_+
1	814048	0	1	1_814048_814049_+
1	814887	0	2	1_814887_814888_+
1	814896	0	3	1_814896_814897_+
1	814913	0	2	1_814913_814914_+
1	816074	0	2	1_816074_816075_+
1	817520	0	2	1_817520_817521_+
1	818444	0	2	1_818444_818445_+
1	820609	0	1	1_820609_820610_+
1	820709	0	2	1_820709_820710_+
1	821972	0	1	1_821972_821973_+
1	822360	0	5	1_822360_822361_+
1	822553	0	2	1_822553_822554_+
1	825626	0	1	1_825626_825627_+
1	825987	0	3	1_825987_825988_+
1	826834	0	2	1_826834_826835_+
1	827204	0	3	1_827204_827205_+
1	827468	0	3	1_827468_827469_+
1	828424	0	1	1_828424_828425_+
1	828846	0	3	1_828846_828847_+
1	829386	0	3	1_829386_829387_+
1	829660	0	2	1_829660_829661_+
1	829665	0	3	1_829665_829666_+
1	830411	0	1	1_830411_830412_+
1	830533	0	1	1_830533_830534_+
1	830935	0	1	1_830935_830936_+
1	831537	0	1	1_831537_831538_+
1	832261	0	1	1_832261_832262_+
1	832479	0	1	1_832479_832480_+
1	832619	0	1	1_832619_832620_+
1	832830	0	2	1_832830_832831_+
1	833157	0	1	1_833157_833158_+
1	833297	0	1	1_833297_833298_+
1	833347	1	4	1_833347_833348_+
1	833555	0	1	1_833555_833556_+
1	833565	0	1	1_833565_833566_+
1	833572	0	3	1_833572_833573_+
1	833593	0	1	1_833593_833594_+
1	833707	0	3	1_833707_833708_+
