#chrom	genomicpos	deaminated	total	bedcoord
1	10471	0	3	1_10471_10472_+
1	10484	1	4	1_10484_10485_+
1	10497	0	5	1_10497_10498_+
1	10525	0	14	1_10525_10526_+
1	10563	0	4	1_10563_10564_+
1	10571	1	1	1_10571_10572_+
1	10589	0	1	1_10589_10590_+
1	10811	0	2	1_10811_10812_+
1	10813	0	2	1_10813_10814_+
1	10816	0	2	1_10816_10817_+
1	10838	0	1	1_10838_10839_+
1	10848	0	1	1_10848_10849_+
1	10853	0	1	1_10853_10854_+
1	10855	0	1	1_10855_10856_+
1	10858	1	1	1_10858_10859_+
1	10861	0	1	1_10861_10862_+
1	14954	0	1	1_14954_14955_+
1	15865	0	1	1_15865_15866_+
1	15882	0	1	1_15882_15883_+
1	15912	0	3	1_15912_15913_+
1	16082	0	1	1_16082_16083_+
1	17478	0	6	1_17478_17479_+
1	17483	0	11	1_17483_17484_+
1	17492	0	16	1_17492_17493_+
1	51969	1	2	1_51969_51970_+
1	51975	0	1	1_51975_51976_+
1	55907	0	1	1_55907_55908_+
1	58447	0	1	1_58447_58448_+
1	61930	0	1	1_61930_61931_+
1	61947	0	1	1_61947_61948_+
1	62112	0	1	1_62112_62113_+
1	62277	0	2	1_62277_62278_+
1	87723	0	2	1_87723_87724_+
1	88456	0	1	1_88456_88457_+
1	91159	0	2	1_91159_91160_+
1	95073	0	1	1_95073_95074_+
1	102988	0	3	1_102988_102989_+
1	129631	1	1	1_129631_129632_+
1	133145	0	1	1_133145_133146_+
1	135125	0	1	1_135125_135126_+
1	135178	0	1	1_135178_135179_+
1	135207	0	4	1_135207_135208_+
1	135217	0	2	1_135217_135218_+
1	136618	1	1	1_136618_136619_+
1	136620	0	1	1_136620_136621_+
1	136876	0	1	1_136876_136877_+
1	136925	0	1	1_136925_136926_+
1	233450	0	2	1_233450_233451_+
1	324768	0	2	1_324768_324769_+
1	324771	0	2	1_324771_324772_+
1	562049	0	1	1_562049_562050_+
1	568409	1	3	1_568409_568410_+
1	568460	0	1	1_568460_568461_+
1	626233	0	1	1_626233_626234_+
1	637725	0	2	1_637725_637726_+
1	637754	0	1	1_637754_637755_+
1	666123	1	1	1_666123_666124_+
1	666132	0	1	1_666132_666133_+
1	700490	0	1	1_700490_700491_+
1	702115	0	1	1_702115_702116_+
1	704243	1	2	1_704243_704244_+
1	704315	0	1	1_704315_704316_+
1	705870	0	5	1_705870_705871_+
1	707095	0	4	1_707095_707096_+
1	710099	0	2	1_710099_710100_+
1	712545	1	3	1_712545_712546_+
1	712585	0	1	1_712585_712586_+
1	712987	0	2	1_712987_712988_+
1	712995	0	2	1_712995_712996_+
1	713252	0	4	1_713252_713253_+
1	713293	0	3	1_713293_713294_+
1	713305	0	4	1_713305_713306_+
1	713317	0	2	1_713317_713318_+
1	713388	0	2	1_713388_713389_+
1	713400	0	3	1_713400_713401_+
1	713453	0	1	1_713453_713454_+
1	713901	0	6	1_713901_713902_+
1	713985	0	2	1_713985_713986_+
1	714012	0	2	1_714012_714013_+
1	714021	0	1	1_714021_714022_+
1	714049	0	1	1_714049_714050_+
1	714052	0	2	1_714052_714053_+
1	714060	0	1	1_714060_714061_+
1	714071	0	2	1_714071_714072_+
1	714076	0	1	1_714076_714077_+
1	714083	0	4	1_714083_714084_+
1	714096	0	7	1_714096_714097_+
1	714137	0	6	1_714137_714138_+
1	714139	0	4	1_714139_714140_+
1	714177	0	1	1_714177_714178_+
1	714198	0	1	1_714198_714199_+
1	714202	0	1	1_714202_714203_+
1	714254	0	2	1_714254_714255_+
1	714258	0	4	1_714258_714259_+
1	714261	0	4	1_714261_714262_+
1	714264	0	3	1_714264_714265_+
1	714292	0	4	1_714292_714293_+
1	714300	0	3	1_714300_714301_+
1	714307	0	1	1_714307_714308_+
1	714338	0	1	1_714338_714339_+
1	714510	0	1	1_714510_714511_+
1	714532	0	1	1_714532_714533_+
1	714565	0	1	1_714565_714566_+
1	714723	0	1	1_714723_714724_+
1	715083	0	1	1_715083_715084_+
1	715110	0	6	1_715110_715111_+
1	715121	0	2	1_715121_715122_+
1	715250	0	2	1_715250_715251_+
1	715277	0	3	1_715277_715278_+
1	715283	0	5	1_715283_715284_+
1	715389	0	1	1_715389_715390_+
1	715391	0	2	1_715391_715392_+
1	715414	0	2	1_715414_715415_+
1	715433	0	2	1_715433_715434_+
1	715449	1	2	1_715449_715450_+
1	716050	1	2	1_716050_716051_+
1	717601	1	4	1_717601_717602_+
1	718572	0	2	1_718572_718573_+
1	720695	0	1	1_720695_720696_+
1	723837	0	2	1_723837_723838_+
1	724240	0	4	1_724240_724241_+
1	724246	0	5	1_724246_724247_+
1	724260	0	10	1_724260_724261_+
1	724710	0	4	1_724710_724711_+
1	724806	0	5	1_724806_724807_+
1	725040	0	5	1_725040_725041_+
1	725056	1	2	1_725056_725057_+
1	725346	0	6	1_725346_725347_+
1	725871	1	6	1_725871_725872_+
1	725986	0	1	1_725986_725987_+
1	726570	0	5	1_726570_726571_+
1	726605	0	2	1_726605_726606_+
1	726734	1	6	1_726734_726735_+
1	726904	0	2	1_726904_726905_+
1	728923	0	3	1_728923_728924_+
1	729720	0	2	1_729720_729721_+
1	730453	0	1	1_730453_730454_+
1	732127	0	2	1_732127_732128_+
1	734133	0	3	1_734133_734134_+
1	737832	0	2	1_737832_737833_+
1	739545	0	1	1_739545_739546_+
1	740743	0	1	1_740743_740744_+
1	742234	0	1	1_742234_742235_+
1	752495	0	2	1_752495_752496_+
1	752673	0	2	1_752673_752674_+
1	752696	0	1	1_752696_752697_+
1	752747	0	3	1_752747_752748_+
1	753358	0	2	1_753358_753359_+
1	753370	0	1	1_753370_753371_+
1	753376	0	1	1_753376_753377_+
1	753379	0	1	1_753379_753380_+
1	753478	0	1	1_753478_753479_+
1	753666	0	5	1_753666_753667_+
1	754137	0	2	1_754137_754138_+
1	754153	0	3	1_754153_754154_+
1	754185	1	3	1_754185_754186_+
1	754739	0	2	1_754739_754740_+
1	755209	0	3	1_755209_755210_+
1	755523	0	2	1_755523_755524_+
1	755728	1	1	1_755728_755729_+
1	755749	0	2	1_755749_755750_+
1	755798	0	2	1_755798_755799_+
1	755903	0	1	1_755903_755904_+
1	756395	0	2	1_756395_756396_+
1	756518	0	2	1_756518_756519_+
1	756558	0	4	1_756558_756559_+
1	756640	0	2	1_756640_756641_+
1	756885	0	4	1_756885_756886_+
1	757039	0	4	1_757039_757040_+
1	757153	0	2	1_757153_757154_+
1	757199	0	1	1_757199_757200_+
1	757720	1	9	1_757720_757721_+
1	758163	0	2	1_758163_758164_+
1	758243	0	3	1_758243_758244_+
1	758350	1	1	1_758350_758351_+
1	758628	0	2	1_758628_758629_+
1	758829	0	5	1_758829_758830_+
1	759844	0	2	1_759844_759845_+
1	761370	0	1	1_761370_761371_+
1	761809	0	1	1_761809_761810_+
1	762113	0	1	1_762113_762114_+
1	762179	0	5	1_762179_762180_+
1	762232	0	3	1_762232_762233_+
1	762244	0	1	1_762244_762245_+
1	762574	0	1	1_762574_762575_+
1	762752	0	1	1_762752_762753_+
1	762759	0	1	1_762759_762760_+
1	762806	0	3	1_762806_762807_+
1	762809	0	4	1_762809_762810_+
1	762850	0	3	1_762850_762851_+
1	762865	0	3	1_762865_762866_+
1	762869	0	4	1_762869_762870_+
1	762882	0	4	1_762882_762883_+
1	762891	0	2	1_762891_762892_+
1	762897	0	1	1_762897_762898_+
1	762933	0	1	1_762933_762934_+
1	762937	0	1	1_762937_762938_+
1	762966	0	3	1_762966_762967_+
1	762972	0	2	1_762972_762973_+
1	762977	0	2	1_762977_762978_+
1	762982	0	1	1_762982_762983_+
1	762987	0	1	1_762987_762988_+
1	762995	0	1	1_762995_762996_+
1	764421	0	2	1_764421_764422_+
1	765531	0	1	1_765531_765532_+
1	766285	0	2	1_766285_766286_+
1	766328	0	1	1_766328_766329_+
1	766880	0	1	1_766880_766881_+
1	766946	0	2	1_766946_766947_+
1	767097	1	2	1_767097_767098_+
1	767493	0	1	1_767493_767494_+
1	767560	0	3	1_767560_767561_+
1	767605	0	3	1_767605_767606_+
1	768049	0	1	1_768049_768050_+
1	768086	0	4	1_768086_768087_+
1	768181	0	1	1_768181_768182_+
1	769251	0	1	1_769251_769252_+
1	769271	0	2	1_769271_769272_+
1	769890	0	6	1_769890_769891_+
1	769893	1	4	1_769893_769894_+
1	770368	0	1	1_770368_770369_+
1	770390	0	3	1_770390_770391_+
1	771897	0	1	1_771897_771898_+
1	772322	0	3	1_772322_772323_+
1	772957	0	3	1_772957_772958_+
1	775674	0	2	1_775674_775675_+
1	776599	0	3	1_776599_776600_+
1	776644	0	2	1_776644_776645_+
1	776706	0	1	1_776706_776707_+
1	776861	0	3	1_776861_776862_+
1	776977	0	1	1_776977_776978_+
1	777013	0	3	1_777013_777014_+
1	777241	0	1	1_777241_777242_+
1	777244	0	1	1_777244_777245_+
1	777287	0	4	1_777287_777288_+
1	778111	0	2	1_778111_778112_+
1	778269	0	4	1_778269_778270_+
1	778272	0	3	1_778272_778273_+
1	778288	0	3	1_778288_778289_+
1	778292	1	3	1_778292_778293_+
1	778330	0	1	1_778330_778331_+
1	778443	0	1	1_778443_778444_+
1	778600	0	1	1_778600_778601_+
1	778743	0	4	1_778743_778744_+
1	778777	0	1	1_778777_778778_+
1	778780	0	1	1_778780_778781_+
1	778871	0	3	1_778871_778872_+
1	779107	0	1	1_779107_779108_+
1	779548	0	1	1_779548_779549_+
1	779552	0	1	1_779552_779553_+
1	779582	0	2	1_779582_779583_+
1	780086	1	2	1_780086_780087_+
1	780101	0	2	1_780101_780102_+
1	780206	0	2	1_780206_780207_+
1	780325	0	11	1_780325_780326_+
1	780901	0	1	1_780901_780902_+
1	782245	1	5	1_782245_782246_+
1	782862	0	1	1_782862_782863_+
1	783095	0	3	1_783095_783096_+
1	783128	0	2	1_783128_783129_+
1	783649	0	3	1_783649_783650_+
1	784177	0	4	1_784177_784178_+
1	784602	0	1	1_784602_784603_+
1	785059	0	6	1_785059_785060_+
1	785073	1	4	1_785073_785074_+
1	785592	0	1	1_785592_785593_+
1	785635	0	4	1_785635_785636_+
1	785802	0	2	1_785802_785803_+
1	788365	0	3	1_788365_788366_+
1	788373	0	2	1_788373_788374_+
1	788435	0	1	1_788435_788436_+
1	788487	0	3	1_788487_788488_+
1	788491	1	3	1_788491_788492_+
1	788531	0	1	1_788531_788532_+
1	788533	0	1	1_788533_788534_+
1	789259	0	1	1_789259_789260_+
1	789359	1	4	1_789359_789360_+
1	789876	1	4	1_789876_789877_+
1	789950	0	5	1_789950_789951_+
1	790025	0	2	1_790025_790026_+
1	790035	1	4	1_790035_790036_+
1	790109	0	3	1_790109_790110_+
1	790432	1	3	1_790432_790433_+
1	790463	0	4	1_790463_790464_+
1	790698	0	4	1_790698_790699_+
1	790748	0	1	1_790748_790749_+
1	791054	0	1	1_791054_791055_+
1	791753	0	3	1_791753_791754_+
1	791869	0	1	1_791869_791870_+
1	792126	0	3	1_792126_792127_+
1	792150	0	4	1_792150_792151_+
1	792185	0	2	1_792185_792186_+
1	792496	0	1	1_792496_792497_+
1	792654	0	1	1_792654_792655_+
1	793962	0	2	1_793962_793963_+
1	794162	0	1	1_794162_794163_+
1	794230	0	3	1_794230_794231_+
1	795036	0	4	1_795036_795037_+
1	795725	1	3	1_795725_795726_+
1	796076	0	1	1_796076_796077_+
1	796162	0	2	1_796162_796163_+
1	796203	0	2	1_796203_796204_+
1	796328	0	2	1_796328_796329_+
1	796361	0	2	1_796361_796362_+
1	796521	0	1	1_796521_796522_+
1	797785	1	3	1_797785_797786_+
1	799001	0	1	1_799001_799002_+
1	799187	0	1	1_799187_799188_+
1	799419	0	3	1_799419_799420_+
1	799550	0	1	1_799550_799551_+
1	799730	1	4	1_799730_799731_+
1	801122	0	1	1_801122_801123_+
1	801290	0	2	1_801290_801291_+
1	801595	0	4	1_801595_801596_+
1	801616	0	4	1_801616_801617_+
1	801819	1	4	1_801819_801820_+
1	801850	0	1	1_801850_801851_+
1	801868	0	3	1_801868_801869_+
1	801875	0	4	1_801875_801876_+
1	801896	2	4	1_801896_801897_+
1	801916	0	2	1_801916_801917_+
1	802386	0	5	1_802386_802387_+
1	802523	0	2	1_802523_802524_+
1	802533	0	1	1_802533_802534_+
1	802584	1	3	1_802584_802585_+
1	802819	0	1	1_802819_802820_+
1	802922	0	2	1_802922_802923_+
1	804432	0	5	1_804432_804433_+
1	804912	0	4	1_804912_804913_+
1	804945	0	3	1_804945_804946_+
1	804992	0	6	1_804992_804993_+
1	804999	0	7	1_804999_805000_+
1	805102	0	4	1_805102_805103_+
1	805158	0	1	1_805158_805159_+
1	805199	0	3	1_805199_805200_+
1	805201	0	3	1_805201_805202_+
1	805214	0	4	1_805214_805215_+
1	805228	0	1	1_805228_805229_+
1	805230	0	2	1_805230_805231_+
1	805244	0	1	1_805244_805245_+
1	805246	0	2	1_805246_805247_+
1	805252	0	4	1_805252_805253_+
1	805273	0	6	1_805273_805274_+
1	805281	0	4	1_805281_805282_+
1	805283	0	3	1_805283_805284_+
1	805327	0	1	1_805327_805328_+
1	805341	0	2	1_805341_805342_+
1	805352	0	2	1_805352_805353_+
1	805377	0	2	1_805377_805378_+
1	805382	0	3	1_805382_805383_+
1	805403	0	2	1_805403_805404_+
1	805428	0	3	1_805428_805429_+
1	805434	0	2	1_805434_805435_+
1	805436	0	2	1_805436_805437_+
1	805444	0	3	1_805444_805445_+
1	805449	0	3	1_805449_805450_+
1	805467	0	8	1_805467_805468_+
1	805474	0	10	1_805474_805475_+
1	805477	0	9	1_805477_805478_+
1	805479	0	5	1_805479_805480_+
1	805484	0	4	1_805484_805485_+
1	805519	0	3	1_805519_805520_+
1	805522	0	3	1_805522_805523_+
1	805538	0	4	1_805538_805539_+
1	805541	0	4	1_805541_805542_+
1	805554	0	5	1_805554_805555_+
1	805573	0	2	1_805573_805574_+
1	805604	0	2	1_805604_805605_+
1	805606	0	2	1_805606_805607_+
1	805616	0	6	1_805616_805617_+
1	805627	0	7	1_805627_805628_+
1	805746	0	5	1_805746_805747_+
1	805786	0	2	1_805786_805787_+
1	805942	0	1	1_805942_805943_+
1	806051	0	4	1_806051_806052_+
1	806231	0	2	1_806231_806232_+
1	808457	0	1	1_808457_808458_+
1	808468	0	1	1_808468_808469_+
1	808562	1	1	1_808562_808563_+
1	808584	0	2	1_808584_808585_+
1	808748	0	5	1_808748_808749_+
1	808946	1	2	1_808946_808947_+
1	809450	0	2	1_809450_809451_+
1	809509	1	1	1_809509_809510_+
1	809565	0	1	1_809565_809566_+
1	809590	0	3	1_809590_809591_+
1	809594	0	3	1_809594_809595_+
1	810599	0	6	1_810599_810600_+
1	810603	0	5	1_810603_810604_+
1	811025	0	6	1_811025_811026_+
1	811166	0	4	1_811166_811167_+
1	811279	0	2	1_811279_811280_+
1	811285	0	2	1_811285_811286_+
1	811295	0	3	1_811295_811296_+
1	811348	0	1	1_811348_811349_+
1	811532	0	1	1_811532_811533_+
1	811745	0	3	1_811745_811746_+
1	811759	0	1	1_811759_811760_+
1	811775	0	1	1_811775_811776_+
1	812350	0	2	1_812350_812351_+
1	812539	0	4	1_812539_812540_+
1	813956	0	5	1_813956_813957_+
1	814048	0	2	1_814048_814049_+
1	814887	0	2	1_814887_814888_+
1	814896	1	4	1_814896_814897_+
1	814913	0	4	1_814913_814914_+
1	816074	0	4	1_816074_816075_+
1	820609	0	3	1_820609_820610_+
1	821972	0	4	1_821972_821973_+
1	822360	0	2	1_822360_822361_+
1	822553	0	2	1_822553_822554_+
1	824091	0	2	1_824091_824092_+
1	825735	0	2	1_825735_825736_+
1	827204	0	3	1_827204_827205_+
1	827299	0	2	1_827299_827300_+
1	827468	1	4	1_827468_827469_+
1	828424	0	4	1_828424_828425_+
1	828846	0	1	1_828846_828847_+
1	829386	0	2	1_829386_829387_+
1	829660	0	1	1_829660_829661_+
1	829787	0	5	1_829787_829788_+
1	830411	0	1	1_830411_830412_+
1	830533	0	2	1_830533_830534_+
1	830935	0	2	1_830935_830936_+
1	831537	0	2	1_831537_831538_+
1	832479	0	5	1_832479_832480_+
1	832619	0	1	1_832619_832620_+
1	832830	0	4	1_832830_832831_+
1	833157	0	6	1_833157_833158_+
1	833166	0	5	1_833166_833167_+
1	833196	0	1	1_833196_833197_+
1	833297	0	4	1_833297_833298_+
1	833347	0	2	1_833347_833348_+
1	833514	0	2	1_833514_833515_+
1	833536	0	4	1_833536_833537_+
1	833555	1	3	1_833555_833556_+
1	833565	0	3	1_833565_833566_+
1	833572	0	5	1_833572_833573_+
1	833786	0	3	1_833786_833787_+
1	833806	0	4	1_833806_833807_+
1	833868	0	5	1_833868_833869_+
1	833896	0	3	1_833896_833897_+
1	833906	0	2	1_833906_833907_+
1	833923	0	2	1_833923_833924_+
1	833972	0	2	1_833972_833973_+
1	833978	0	1	1_833978_833979_+
1	834247	0	4	1_834247_834248_+
1	834259	0	5	1_834259_834260_+
1	834276	0	8	1_834276_834277_+
1	834295	1	4	1_834295_834296_+
1	834330	0	7	1_834330_834331_+
1	834338	0	5	1_834338_834339_+
1	834356	0	8	1_834356_834357_+
1	834358	0	8	1_834358_834359_+
1	834697	0	6	1_834697_834698_+
1	834703	0	9	1_834703_834704_+
1	834767	0	3	1_834767_834768_+
1	834795	0	1	1_834795_834796_+
1	834914	1	5	1_834914_834915_+
1	834978	0	5	1_834978_834979_+
1	835044	0	2	1_835044_835045_+
1	835124	0	4	1_835124_835125_+
1	835444	0	4	1_835444_835445_+
1	835736	0	2	1_835736_835737_+
1	835923	2	3	1_835923_835924_+
1	836204	0	4	1_836204_836205_+
1	836217	0	1	1_836217_836218_+
1	836295	0	6	1_836295_836296_+
1	836472	0	1	1_836472_836473_+
1	836518	0	2	1_836518_836519_+
1	836536	0	3	1_836536_836537_+
1	836578	0	3	1_836578_836579_+
1	836805	1	7	1_836805_836806_+
1	836872	0	1	1_836872_836873_+
1	836967	0	9	1_836967_836968_+
1	836997	1	4	1_836997_836998_+
1	837042	0	4	1_837042_837043_+
1	837234	1	4	1_837234_837235_+
1	837541	0	1	1_837541_837542_+
1	837603	0	2	1_837603_837604_+
1	837616	0	3	1_837616_837617_+
1	837639	0	3	1_837639_837640_+
1	837717	0	1	1_837717_837718_+
1	837736	0	3	1_837736_837737_+
1	837852	0	2	1_837852_837853_+
1	837885	0	1	1_837885_837886_+
1	837891	0	1	1_837891_837892_+
1	838021	0	5	1_838021_838022_+
1	838078	0	4	1_838078_838079_+
1	838085	0	5	1_838085_838086_+
1	838108	0	1	1_838108_838109_+
1	838110	0	1	1_838110_838111_+
1	838275	0	2	1_838275_838276_+
1	838285	0	1	1_838285_838286_+
1	838295	0	5	1_838295_838296_+
1	838302	1	6	1_838302_838303_+
1	838308	1	5	1_838308_838309_+
1	838349	0	4	1_838349_838350_+
1	838352	0	5	1_838352_838353_+
