#chrom	genomicpos	deaminated	total	bedcoord
1	10471	0	6	1_10471_10472_+
1	10484	0	4	1_10484_10485_+
1	10497	0	13	1_10497_10498_+
1	10525	0	13	1_10525_10526_+
1	10563	0	11	1_10563_10564_+
1	10571	0	12	1_10571_10572_+
1	10577	2	6	1_10577_10578_+
1	10589	0	7	1_10589_10590_+
1	10609	0	3	1_10609_10610_+
1	14954	0	2	1_14954_14955_+
1	16243	0	3	1_16243_16244_+
1	17378	0	1	1_17378_17379_+
1	17478	0	4	1_17478_17479_+
1	17483	0	8	1_17483_17484_+
1	17492	0	10	1_17492_17493_+
1	17562	0	1	1_17562_17563_+
1	17584	0	1	1_17584_17585_+
1	20156	0	1	1_20156_20157_+
1	30793	0	1	1_30793_30794_+
1	51442	0	1	1_51442_51443_+
1	51821	0	1	1_51821_51822_+
1	51827	0	1	1_51827_51828_+
1	51969	0	1	1_51969_51970_+
1	51975	0	1	1_51975_51976_+
1	52053	0	1	1_52053_52054_+
1	52244	0	1	1_52244_52245_+
1	54649	0	1	1_54649_54650_+
1	58447	0	4	1_58447_58448_+
1	61930	0	1	1_61930_61931_+
1	61947	0	1	1_61947_61948_+
1	61954	0	1	1_61954_61955_+
1	62112	0	2	1_62112_62113_+
1	62140	0	2	1_62140_62141_+
1	62277	0	4	1_62277_62278_+
1	64764	0	1	1_64764_64765_+
1	68239	0	1	1_68239_68240_+
1	69558	0	1	1_69558_69559_+
1	69591	0	1	1_69591_69592_+
1	77129	0	1	1_77129_77130_+
1	79077	0	2	1_79077_79078_+
1	79787	0	1	1_79787_79788_+
1	87723	0	3	1_87723_87724_+
1	88456	0	1	1_88456_88457_+
1	91159	0	1	1_91159_91160_+
1	94860	0	1	1_94860_94861_+
1	95073	0	3	1_95073_95074_+
1	102827	0	1	1_102827_102828_+
1	102988	0	10	1_102988_102989_+
1	109105	0	1	1_109105_109106_+
1	115672	0	3	1_115672_115673_+
1	133145	0	1	1_133145_133146_+
1	135125	0	2	1_135125_135126_+
1	135207	1	4	1_135207_135208_+
1	135217	0	5	1_135217_135218_+
1	135232	0	1	1_135232_135233_+
1	135252	0	2	1_135252_135253_+
1	135297	0	1	1_135297_135298_+
1	135300	0	1	1_135300_135301_+
1	136388	0	1	1_136388_136389_+
1	136618	0	2	1_136618_136619_+
1	136620	0	2	1_136620_136621_+
1	136797	0	2	1_136797_136798_+
1	136815	0	1	1_136815_136816_+
1	136827	0	1	1_136827_136828_+
1	136864	0	1	1_136864_136865_+
1	136876	0	1	1_136876_136877_+
1	136911	0	2	1_136911_136912_+
1	136925	0	1	1_136925_136926_+
1	136944	0	4	1_136944_136945_+
1	137059	0	1	1_137059_137060_+
1	137120	0	2	1_137120_137121_+
1	137157	0	1	1_137157_137158_+
1	137190	0	1	1_137190_137191_+
1	139073	0	3	1_139073_139074_+
1	164106	0	1	1_164106_164107_+
1	229665	0	1	1_229665_229666_+
1	235122	0	2	1_235122_235123_+
1	422547	0	1	1_422547_422548_+
1	525463	0	2	1_525463_525464_+
1	526065	0	1	1_526065_526066_+
1	526135	1	1	1_526135_526136_+
1	528049	0	1	1_528049_528050_+
1	532017	0	1	1_532017_532018_+
1	533127	0	2	1_533127_533128_+
1	533220	0	3	1_533220_533221_+
1	533234	0	3	1_533234_533235_+
1	533243	1	4	1_533243_533244_+
1	533245	0	2	1_533245_533246_+
1	533292	0	1	1_533292_533293_+
1	534190	0	1	1_534190_534191_+
1	534329	0	1	1_534329_534330_+
1	534343	0	2	1_534343_534344_+
1	534360	0	1	1_534360_534361_+
1	540750	0	4	1_540750_540751_+
1	540800	0	3	1_540800_540801_+
1	540808	0	1	1_540808_540809_+
1	540825	0	2	1_540825_540826_+
1	540827	0	2	1_540827_540828_+
1	540881	0	1	1_540881_540882_+
1	540886	0	1	1_540886_540887_+
1	540889	0	1	1_540889_540890_+
1	540897	0	1	1_540897_540898_+
1	546023	0	1	1_546023_546024_+
1	546027	0	1	1_546027_546028_+
1	546030	0	1	1_546030_546031_+
1	546034	0	1	1_546034_546035_+
1	546102	0	1	1_546102_546103_+
1	546129	0	1	1_546129_546130_+
1	561935	0	1	1_561935_561936_+
1	562049	0	5	1_562049_562050_+
1	562212	0	3	1_562212_562213_+
1	562251	0	1	1_562251_562252_+
1	562257	0	1	1_562257_562258_+
1	564471	1	6	1_564471_564472_+
1	564501	0	5	1_564501_564502_+
1	564516	0	4	1_564516_564517_+
1	564925	0	2	1_564925_564926_+
1	565397	0	2	1_565397_565398_+
1	565949	0	2	1_565949_565950_+
1	566731	0	1	1_566731_566732_+
1	566739	0	1	1_566739_566740_+
1	566813	0	6	1_566813_566814_+
1	566879	0	4	1_566879_566880_+
1	566995	0	1	1_566995_566996_+
1	567014	0	3	1_567014_567015_+
1	567113	0	3	1_567113_567114_+
1	567122	0	5	1_567122_567123_+
1	567206	0	2	1_567206_567207_+
1	567405	0	1	1_567405_567406_+
1	567426	0	1	1_567426_567427_+
1	567438	0	1	1_567438_567439_+
1	567501	0	2	1_567501_567502_+
1	567549	0	3	1_567549_567550_+
1	567769	0	1	1_567769_567770_+
1	567776	0	3	1_567776_567777_+
1	567892	0	1	1_567892_567893_+
1	568380	0	2	1_568380_568381_+
1	568400	0	9	1_568400_568401_+
1	568409	0	6	1_568409_568410_+
1	568460	0	8	1_568460_568461_+
1	568469	0	3	1_568469_568470_+
1	568475	0	1	1_568475_568476_+
1	568570	0	1	1_568570_568571_+
1	568668	0	1	1_568668_568669_+
1	568698	0	1	1_568698_568699_+
1	568715	0	4	1_568715_568716_+
1	569081	0	6	1_569081_569082_+
1	569271	0	8	1_569271_569272_+
1	569842	0	3	1_569842_569843_+
1	569942	0	2	1_569942_569943_+
1	570037	0	1	1_570037_570038_+
1	570221	0	1	1_570221_570222_+
1	571742	0	1	1_571742_571743_+
1	571899	0	2	1_571899_571900_+
1	571943	0	1	1_571943_571944_+
1	586134	0	1	1_586134_586135_+
1	586218	0	1	1_586218_586219_+
1	592317	0	1	1_592317_592318_+
1	595872	0	1	1_595872_595873_+
1	625472	0	1	1_625472_625473_+
1	626233	0	1	1_626233_626234_+
1	636747	0	1	1_636747_636748_+
1	637725	0	7	1_637725_637726_+
1	637754	0	7	1_637754_637755_+
1	655988	0	1	1_655988_655989_+
1	662555	0	1	1_662555_662556_+
1	662597	0	1	1_662597_662598_+
1	662645	0	1	1_662645_662646_+
1	668083	0	1	1_668083_668084_+
1	679605	0	1	1_679605_679606_+
1	689390	0	3	1_689390_689391_+
1	693662	0	1	1_693662_693663_+
1	700468	0	2	1_700468_700469_+
1	700490	0	8	1_700490_700491_+
1	700602	0	1	1_700602_700603_+
1	700624	0	1	1_700624_700625_+
1	701859	0	2	1_701859_701860_+
1	702115	0	1	1_702115_702116_+
1	704243	0	2	1_704243_704244_+
1	704315	0	6	1_704315_704316_+
1	705751	0	1	1_705751_705752_+
1	705761	0	2	1_705761_705762_+
1	705870	0	9	1_705870_705871_+
1	705907	0	5	1_705907_705908_+
1	706348	0	1	1_706348_706349_+
1	707037	0	3	1_707037_707038_+
1	707095	0	8	1_707095_707096_+
1	708818	0	1	1_708818_708819_+
1	708921	0	3	1_708921_708922_+
1	708956	0	2	1_708956_708957_+
1	710099	0	2	1_710099_710100_+
1	710190	0	4	1_710190_710191_+
1	710354	0	1	1_710354_710355_+
1	710583	0	5	1_710583_710584_+
1	711171	0	1	1_711171_711172_+
1	711299	0	1	1_711299_711300_+
1	711705	0	1	1_711705_711706_+
1	712432	0	2	1_712432_712433_+
1	712545	0	3	1_712545_712546_+
1	712585	0	4	1_712585_712586_+
1	712739	0	4	1_712739_712740_+
1	712987	0	5	1_712987_712988_+
1	712995	0	4	1_712995_712996_+
1	713105	0	2	1_713105_713106_+
1	713113	0	1	1_713113_713114_+
1	713252	0	3	1_713252_713253_+
1	713293	0	4	1_713293_713294_+
1	713305	0	5	1_713305_713306_+
1	713317	0	2	1_713317_713318_+
1	713388	1	3	1_713388_713389_+
1	713400	0	5	1_713400_713401_+
1	713447	0	4	1_713447_713448_+
1	713449	0	4	1_713449_713450_+
1	713453	0	5	1_713453_713454_+
1	713512	0	1	1_713512_713513_+
1	713543	0	1	1_713543_713544_+
1	713548	0	1	1_713548_713549_+
1	713901	0	3	1_713901_713902_+
1	713921	0	2	1_713921_713922_+
1	713985	0	4	1_713985_713986_+
1	714012	0	4	1_714012_714013_+
1	714021	0	4	1_714021_714022_+
1	714049	0	1	1_714049_714050_+
1	714052	0	1	1_714052_714053_+
1	714060	0	1	1_714060_714061_+
1	714071	0	4	1_714071_714072_+
1	714076	0	4	1_714076_714077_+
1	714083	0	2	1_714083_714084_+
1	714096	0	2	1_714096_714097_+
1	714137	0	6	1_714137_714138_+
1	714139	0	4	1_714139_714140_+
1	714167	0	3	1_714167_714168_+
1	714169	0	5	1_714169_714170_+
1	714177	0	4	1_714177_714178_+
1	714198	0	4	1_714198_714199_+
1	714239	0	1	1_714239_714240_+
1	714254	0	2	1_714254_714255_+
1	714258	0	2	1_714258_714259_+
1	714261	0	1	1_714261_714262_+
1	714264	0	1	1_714264_714265_+
1	714292	0	1	1_714292_714293_+
1	714300	0	1	1_714300_714301_+
1	714338	0	2	1_714338_714339_+
1	714348	0	1	1_714348_714349_+
1	714532	0	1	1_714532_714533_+
1	714546	0	1	1_714546_714547_+
1	714565	0	2	1_714565_714566_+
1	714660	0	1	1_714660_714661_+
1	714715	0	2	1_714715_714716_+
1	714723	0	3	1_714723_714724_+
1	714830	0	1	1_714830_714831_+
1	715041	0	1	1_715041_715042_+
1	715079	0	1	1_715079_715080_+
1	715083	0	1	1_715083_715084_+
1	715110	0	4	1_715110_715111_+
1	715121	0	3	1_715121_715122_+
1	715250	0	6	1_715250_715251_+
1	715277	0	4	1_715277_715278_+
1	715283	0	6	1_715283_715284_+
1	715389	0	1	1_715389_715390_+
1	715391	0	3	1_715391_715392_+
1	715414	0	4	1_715414_715415_+
1	715433	0	5	1_715433_715434_+
1	715449	0	1	1_715449_715450_+
1	716050	0	2	1_716050_716051_+
1	716058	0	2	1_716058_716059_+
1	716092	0	3	1_716092_716093_+
1	716378	0	2	1_716378_716379_+
1	717601	0	3	1_717601_717602_+
1	718572	0	2	1_718572_718573_+
1	720695	0	5	1_720695_720696_+
1	722901	0	1	1_722901_722902_+
1	723701	0	3	1_723701_723702_+
1	723837	0	2	1_723837_723838_+
1	724240	0	5	1_724240_724241_+
1	724246	0	5	1_724246_724247_+
1	724260	0	10	1_724260_724261_+
1	724641	0	1	1_724641_724642_+
1	724710	0	8	1_724710_724711_+
1	724806	0	10	1_724806_724807_+
1	725040	0	6	1_725040_725041_+
1	725056	0	10	1_725056_725057_+
1	725346	0	8	1_725346_725347_+
1	725615	0	2	1_725615_725616_+
1	725871	0	6	1_725871_725872_+
1	725986	0	6	1_725986_725987_+
1	726202	0	1	1_726202_726203_+
1	726540	0	2	1_726540_726541_+
1	726570	0	4	1_726570_726571_+
1	726605	0	3	1_726605_726606_+
1	726734	0	10	1_726734_726735_+
1	726904	0	3	1_726904_726905_+
1	727204	0	1	1_727204_727205_+
1	728290	0	1	1_728290_728291_+
1	728923	0	7	1_728923_728924_+
1	729339	0	2	1_729339_729340_+
1	729720	0	2	1_729720_729721_+
1	730453	0	1	1_730453_730454_+
1	731292	0	3	1_731292_731293_+
1	731565	0	1	1_731565_731566_+
1	731740	0	1	1_731740_731741_+
1	732127	0	1	1_732127_732128_+
1	732198	0	2	1_732198_732199_+
1	734133	0	3	1_734133_734134_+
1	734327	0	4	1_734327_734328_+
1	736025	0	7	1_736025_736026_+
1	736073	0	1	1_736073_736074_+
1	737832	0	3	1_737832_737833_+
1	737985	0	1	1_737985_737986_+
1	738211	0	1	1_738211_738212_+
1	738770	0	3	1_738770_738771_+
1	739377	1	4	1_739377_739378_+
1	739545	0	3	1_739545_739546_+
1	739686	0	1	1_739686_739687_+
1	740229	0	2	1_740229_740230_+
1	740303	0	1	1_740303_740304_+
1	740743	0	5	1_740743_740744_+
1	740826	0	1	1_740826_740827_+
1	741732	0	2	1_741732_741733_+
1	742234	0	1	1_742234_742235_+
1	742348	0	2	1_742348_742349_+
1	746796	0	2	1_746796_746797_+
1	747751	0	4	1_747751_747752_+
1	748085	0	1	1_748085_748086_+
1	748090	0	2	1_748090_748091_+
1	748480	0	1	1_748480_748481_+
1	748508	0	1	1_748508_748509_+
1	750022	0	1	1_750022_750023_+
1	750033	0	2	1_750033_750034_+
1	750082	0	2	1_750082_750083_+
1	752454	0	3	1_752454_752455_+
1	752495	0	4	1_752495_752496_+
1	752673	0	6	1_752673_752674_+
1	752696	0	6	1_752696_752697_+
1	752747	0	6	1_752747_752748_+
1	752805	0	1	1_752805_752806_+
1	753358	0	2	1_753358_753359_+
1	753370	0	3	1_753370_753371_+
1	753376	0	4	1_753376_753377_+
1	753379	0	4	1_753379_753380_+
1	753413	0	3	1_753413_753414_+
1	753443	0	1	1_753443_753444_+
1	753478	0	1	1_753478_753479_+
1	753491	0	2	1_753491_753492_+
1	753666	0	4	1_753666_753667_+
1	753723	0	2	1_753723_753724_+
1	753762	0	1	1_753762_753763_+
1	753784	0	1	1_753784_753785_+
1	754108	0	3	1_754108_754109_+
1	754137	0	2	1_754137_754138_+
1	754153	0	3	1_754153_754154_+
1	754185	0	3	1_754185_754186_+
1	754244	0	3	1_754244_754245_+
1	754739	0	7	1_754739_754740_+
1	754820	0	5	1_754820_754821_+
1	754906	0	4	1_754906_754907_+
1	755209	0	5	1_755209_755210_+
1	755523	0	4	1_755523_755524_+
1	755728	0	3	1_755728_755729_+
1	755749	0	3	1_755749_755750_+
1	755798	0	5	1_755798_755799_+
1	755903	0	1	1_755903_755904_+
1	756395	0	4	1_756395_756396_+
1	756453	0	6	1_756453_756454_+
1	756518	0	2	1_756518_756519_+
1	756558	0	2	1_756558_756559_+
1	756640	0	4	1_756640_756641_+
1	756885	0	2	1_756885_756886_+
1	757039	0	7	1_757039_757040_+
1	757153	0	2	1_757153_757154_+
1	757199	0	2	1_757199_757200_+
1	757720	0	2	1_757720_757721_+
1	758163	0	7	1_758163_758164_+
1	758243	0	2	1_758243_758244_+
1	758350	0	3	1_758350_758351_+
1	758628	0	3	1_758628_758629_+
1	758829	0	2	1_758829_758830_+
1	758945	0	9	1_758945_758946_+
1	759844	0	4	1_759844_759845_+
1	760516	0	1	1_760516_760517_+
1	760964	0	4	1_760964_760965_+
1	761298	0	6	1_761298_761299_+
1	761370	0	9	1_761370_761371_+
1	761445	0	2	1_761445_761446_+
1	761459	0	1	1_761459_761460_+
1	761809	0	3	1_761809_761810_+
1	762113	0	5	1_762113_762114_+
1	762179	0	1	1_762179_762180_+
1	762232	0	3	1_762232_762233_+
1	762244	0	2	1_762244_762245_+
1	762279	0	2	1_762279_762280_+
1	762323	0	1	1_762323_762324_+
1	762774	0	1	1_762774_762775_+
1	762776	0	1	1_762776_762777_+
1	762793	0	3	1_762793_762794_+
1	762806	0	1	1_762806_762807_+
1	762809	0	2	1_762809_762810_+
1	762850	0	2	1_762850_762851_+
1	762865	0	4	1_762865_762866_+
1	762869	0	2	1_762869_762870_+
1	762882	0	1	1_762882_762883_+
1	762891	0	2	1_762891_762892_+
1	762897	0	3	1_762897_762898_+
1	762912	0	3	1_762912_762913_+
1	762915	0	3	1_762915_762916_+
1	762917	0	2	1_762917_762918_+
1	762926	0	1	1_762926_762927_+
1	762933	0	1	1_762933_762934_+
1	762937	0	1	1_762937_762938_+
1	762966	0	1	1_762966_762967_+
1	762972	0	1	1_762972_762973_+
1	762982	0	1	1_762982_762983_+
1	762987	0	1	1_762987_762988_+
1	763067	0	1	1_763067_763068_+
1	763077	0	1	1_763077_763078_+
1	763814	0	4	1_763814_763815_+
1	764411	0	3	1_764411_764412_+
1	764421	0	2	1_764421_764422_+
1	764488	0	1	1_764488_764489_+
1	764722	0	1	1_764722_764723_+
1	765531	0	2	1_765531_765532_+
1	766285	0	2	1_766285_766286_+
1	766377	0	2	1_766377_766378_+
1	766880	0	5	1_766880_766881_+
1	766946	0	8	1_766946_766947_+
1	767097	0	12	1_767097_767098_+
1	767220	0	5	1_767220_767221_+
1	767253	0	6	1_767253_767254_+
1	767493	0	4	1_767493_767494_+
1	767560	0	1	1_767560_767561_+
1	767605	0	4	1_767605_767606_+
1	767864	0	1	1_767864_767865_+
1	768049	0	1	1_768049_768050_+
1	768086	0	6	1_768086_768087_+
1	768181	0	1	1_768181_768182_+
1	768550	0	3	1_768550_768551_+
1	769054	0	3	1_769054_769055_+
1	769174	0	1	1_769174_769175_+
1	769251	0	6	1_769251_769252_+
1	769271	0	4	1_769271_769272_+
1	769630	0	1	1_769630_769631_+
1	769890	0	2	1_769890_769891_+
1	769893	0	3	1_769893_769894_+
1	770082	0	1	1_770082_770083_+
1	770368	0	7	1_770368_770369_+
1	770390	1	2	1_770390_770391_+
1	770844	0	1	1_770844_770845_+
1	771035	0	1	1_771035_771036_+
1	771741	0	3	1_771741_771742_+
1	771897	0	4	1_771897_771898_+
1	772322	0	6	1_772322_772323_+
1	772383	0	3	1_772383_772384_+
1	772957	0	3	1_772957_772958_+
1	773936	0	1	1_773936_773937_+
1	775357	0	1	1_775357_775358_+
1	775674	0	4	1_775674_775675_+
1	775766	0	4	1_775766_775767_+
1	776234	0	4	1_776234_776235_+
1	776270	0	1	1_776270_776271_+
1	776599	0	4	1_776599_776600_+
1	776644	0	6	1_776644_776645_+
1	776706	1	5	1_776706_776707_+
1	776861	0	1	1_776861_776862_+
1	776977	0	3	1_776977_776978_+
1	777013	0	2	1_777013_777014_+
1	777046	0	5	1_777046_777047_+
1	777241	0	4	1_777241_777242_+
1	777244	0	3	1_777244_777245_+
1	777287	0	10	1_777287_777288_+
1	777960	0	1	1_777960_777961_+
1	778111	0	10	1_778111_778112_+
1	778148	0	1	1_778148_778149_+
1	778288	0	1	1_778288_778289_+
1	778292	0	3	1_778292_778293_+
1	778330	0	3	1_778330_778331_+
1	778443	1	6	1_778443_778444_+
1	778600	0	2	1_778600_778601_+
1	778743	0	3	1_778743_778744_+
1	778777	0	5	1_778777_778778_+
1	778780	0	6	1_778780_778781_+
1	778871	0	4	1_778871_778872_+
1	779077	0	1	1_779077_779078_+
1	779107	0	5	1_779107_779108_+
1	779548	0	4	1_779548_779549_+
1	779552	0	2	1_779552_779553_+
1	779582	0	1	1_779582_779583_+
1	780086	0	4	1_780086_780087_+
1	780101	0	6	1_780101_780102_+
1	780206	0	4	1_780206_780207_+
1	780325	0	6	1_780325_780326_+
1	780878	0	2	1_780878_780879_+
1	780893	0	3	1_780893_780894_+
1	780901	0	3	1_780901_780902_+
1	782169	0	5	1_782169_782170_+
1	782245	0	4	1_782245_782246_+
1	782283	0	5	1_782283_782284_+
1	782862	0	4	1_782862_782863_+
1	783005	1	4	1_783005_783006_+
1	783095	0	3	1_783095_783096_+
