#chrom	genomicpos	deaminated	total	bedcoord
1	10484	0	1	1_10484_10485_+
1	10497	0	1	1_10497_10498_+
1	10563	0	1	1_10563_10564_+
1	10571	0	1	1_10571_10572_+
1	10577	0	1	1_10577_10578_+
1	10589	0	1	1_10589_10590_+
1	102988	0	1	1_102988_102989_+
1	135125	0	2	1_135125_135126_+
1	136620	0	1	1_136620_136621_+
1	136632	0	1	1_136632_136633_+
1	526061	0	1	1_526061_526062_+
1	526065	0	1	1_526065_526066_+
1	526198	0	1	1_526198_526199_+
1	526910	0	1	1_526910_526911_+
1	529733	0	2	1_529733_529734_+
1	532119	0	1	1_532119_532120_+
1	540825	0	1	1_540825_540826_+
1	540827	0	1	1_540827_540828_+
1	540837	0	1	1_540837_540838_+
1	564471	0	2	1_564471_564472_+
1	564516	0	1	1_564516_564517_+
1	564600	0	1	1_564600_564601_+
1	564925	1	1	1_564925_564926_+
1	566813	0	1	1_566813_566814_+
1	566995	0	1	1_566995_566996_+
1	567014	0	2	1_567014_567015_+
1	567501	0	1	1_567501_567502_+
1	568380	0	1	1_568380_568381_+
1	568460	0	1	1_568460_568461_+
1	568469	0	1	1_568469_568470_+
1	568475	0	1	1_568475_568476_+
1	568547	0	1	1_568547_568548_+
1	568557	0	1	1_568557_568558_+
1	568668	0	1	1_568668_568669_+
1	569081	0	2	1_569081_569082_+
1	569842	0	1	1_569842_569843_+
1	571899	0	1	1_571899_571900_+
1	674525	0	1	1_674525_674526_+
1	700468	0	1	1_700468_700469_+
1	700490	0	1	1_700490_700491_+
1	700602	0	1	1_700602_700603_+
1	705907	0	1	1_705907_705908_+
1	710099	0	1	1_710099_710100_+
1	710190	0	1	1_710190_710191_+
1	714021	0	1	1_714021_714022_+
1	714071	0	2	1_714071_714072_+
1	714076	0	2	1_714076_714077_+
1	714292	0	1	1_714292_714293_+
1	714300	0	1	1_714300_714301_+
1	714490	0	1	1_714490_714491_+
1	714546	0	1	1_714546_714547_+
1	714660	0	1	1_714660_714661_+
1	715110	0	2	1_715110_715111_+
1	715121	0	2	1_715121_715122_+
1	715277	0	1	1_715277_715278_+
1	715389	0	1	1_715389_715390_+
1	715391	0	1	1_715391_715392_+
1	715433	0	1	1_715433_715434_+
1	716050	0	1	1_716050_716051_+
1	716092	1	1	1_716092_716093_+
1	724641	0	1	1_724641_724642_+
1	725040	0	1	1_725040_725041_+
1	727204	0	1	1_727204_727205_+
1	730782	0	1	1_730782_730783_+
1	734133	0	1	1_734133_734134_+
1	747751	0	1	1_747751_747752_+
1	752495	0	1	1_752495_752496_+
1	753358	0	1	1_753358_753359_+
1	753370	0	1	1_753370_753371_+
1	753376	0	1	1_753376_753377_+
1	753379	0	1	1_753379_753380_+
1	754153	0	1	1_754153_754154_+
1	754185	0	1	1_754185_754186_+
1	755798	0	1	1_755798_755799_+
1	756885	0	1	1_756885_756886_+
1	757039	0	1	1_757039_757040_+
1	757199	0	2	1_757199_757200_+
1	758163	0	1	1_758163_758164_+
1	758243	0	2	1_758243_758244_+
1	761370	0	1	1_761370_761371_+
1	762297	0	1	1_762297_762298_+
1	762759	0	1	1_762759_762760_+
1	762793	0	1	1_762793_762794_+
1	762865	0	1	1_762865_762866_+
1	762869	0	1	1_762869_762870_+
1	762966	0	1	1_762966_762967_+
1	766880	0	1	1_766880_766881_+
1	776599	0	2	1_776599_776600_+
1	777046	0	1	1_777046_777047_+
1	777287	0	1	1_777287_777288_+
1	780448	0	1	1_780448_780449_+
1	785073	0	1	1_785073_785074_+
1	785628	0	1	1_785628_785629_+
1	785635	0	1	1_785635_785636_+
1	788916	0	2	1_788916_788917_+
1	790109	0	1	1_790109_790110_+
1	790399	0	1	1_790399_790400_+
1	791179	0	1	1_791179_791180_+
1	791298	0	1	1_791298_791299_+
1	792126	0	1	1_792126_792127_+
1	792150	0	1	1_792150_792151_+
1	792654	0	1	1_792654_792655_+
1	793883	0	1	1_793883_793884_+
1	796128	0	1	1_796128_796129_+
1	796203	0	1	1_796203_796204_+
1	796361	0	1	1_796361_796362_+
1	799187	0	1	1_799187_799188_+
1	801090	0	1	1_801090_801091_+
1	801122	0	2	1_801122_801123_+
1	801850	0	1	1_801850_801851_+
1	801868	0	1	1_801868_801869_+
1	801896	0	1	1_801896_801897_+
1	801916	0	1	1_801916_801917_+
1	802033	0	1	1_802033_802034_+
1	802533	0	1	1_802533_802534_+
1	802584	0	1	1_802584_802585_+
1	804945	0	1	1_804945_804946_+
1	805199	0	1	1_805199_805200_+
1	805201	0	1	1_805201_805202_+
1	805214	0	1	1_805214_805215_+
1	805289	0	1	1_805289_805290_+
1	805295	0	1	1_805295_805296_+
1	805312	0	1	1_805312_805313_+
1	805341	0	1	1_805341_805342_+
1	805403	0	2	1_805403_805404_+
1	805411	0	1	1_805411_805412_+
1	805474	0	1	1_805474_805475_+
1	805477	0	1	1_805477_805478_+
1	805479	0	1	1_805479_805480_+
1	805484	0	1	1_805484_805485_+
1	805616	0	1	1_805616_805617_+
1	806051	0	1	1_806051_806052_+
1	808562	0	1	1_808562_808563_+
1	808584	0	2	1_808584_808585_+
1	808748	0	3	1_808748_808749_+
1	809450	0	1	1_809450_809451_+
1	809642	0	2	1_809642_809643_+
1	810095	0	1	1_810095_810096_+
1	811532	1	1	1_811532_811533_+
1	811745	0	2	1_811745_811746_+
1	811775	0	1	1_811775_811776_+
1	814887	0	1	1_814887_814888_+
1	814896	0	1	1_814896_814897_+
1	821972	0	1	1_821972_821973_+
1	827468	0	1	1_827468_827469_+
1	828424	0	1	1_828424_828425_+
1	828846	0	1	1_828846_828847_+
1	829660	0	1	1_829660_829661_+
1	829787	0	1	1_829787_829788_+
1	830935	0	1	1_830935_830936_+
1	832830	0	1	1_832830_832831_+
1	833297	0	1	1_833297_833298_+
1	833347	0	1	1_833347_833348_+
1	833469	0	1	1_833469_833470_+
1	833536	0	1	1_833536_833537_+
1	833786	0	1	1_833786_833787_+
1	833906	0	1	1_833906_833907_+
1	834183	0	2	1_834183_834184_+
1	834259	0	1	1_834259_834260_+
1	834276	0	1	1_834276_834277_+
1	834356	0	3	1_834356_834357_+
1	834358	0	3	1_834358_834359_+
1	834767	0	1	1_834767_834768_+
1	834795	0	2	1_834795_834796_+
1	834914	0	1	1_834914_834915_+
1	835044	0	1	1_835044_835045_+
1	835444	0	1	1_835444_835445_+
1	836204	0	1	1_836204_836205_+
1	836217	0	1	1_836217_836218_+
1	836536	0	1	1_836536_836537_+
1	836805	0	1	1_836805_836806_+
1	836997	0	1	1_836997_836998_+
1	837616	0	1	1_837616_837617_+
1	837736	0	1	1_837736_837737_+
1	837885	0	2	1_837885_837886_+
1	837891	0	1	1_837891_837892_+
1	838021	0	1	1_838021_838022_+
1	838049	0	3	1_838049_838050_+
1	838085	0	2	1_838085_838086_+
1	838108	0	1	1_838108_838109_+
1	838564	0	1	1_838564_838565_+
1	838701	0	1	1_838701_838702_+
1	838761	0	1	1_838761_838762_+
1	838785	0	2	1_838785_838786_+
1	839172	0	1	1_839172_839173_+
1	839245	0	2	1_839245_839246_+
1	839397	0	1	1_839397_839398_+
1	839508	0	1	1_839508_839509_+
1	839516	0	1	1_839516_839517_+
1	839618	0	1	1_839618_839619_+
1	839811	0	1	1_839811_839812_+
1	840007	0	1	1_840007_840008_+
1	840089	0	1	1_840089_840090_+
1	840095	0	1	1_840095_840096_+
1	840123	0	1	1_840123_840124_+
1	840132	0	1	1_840132_840133_+
1	840135	0	1	1_840135_840136_+
1	840180	0	1	1_840180_840181_+
1	840183	0	1	1_840183_840184_+
1	840190	0	1	1_840190_840191_+
1	840206	0	1	1_840206_840207_+
1	840208	0	1	1_840208_840209_+
1	840219	0	1	1_840219_840220_+
1	840223	0	1	1_840223_840224_+
1	840293	0	2	1_840293_840294_+
1	840295	0	2	1_840295_840296_+
1	840303	0	1	1_840303_840304_+
1	840329	0	1	1_840329_840330_+
1	840331	0	1	1_840331_840332_+
1	840339	0	1	1_840339_840340_+
1	840357	0	1	1_840357_840358_+
1	840365	0	2	1_840365_840366_+
1	840374	0	1	1_840374_840375_+
1	840529	0	1	1_840529_840530_+
1	840555	0	2	1_840555_840556_+
1	840559	0	2	1_840559_840560_+
1	840563	0	2	1_840563_840564_+
1	840605	0	1	1_840605_840606_+
1	840611	0	1	1_840611_840612_+
1	840723	0	2	1_840723_840724_+
1	840725	0	2	1_840725_840726_+
1	840733	0	1	1_840733_840734_+
1	840801	0	2	1_840801_840802_+
1	840816	0	1	1_840816_840817_+
1	840820	0	1	1_840820_840821_+
1	840922	0	1	1_840922_840923_+
1	840931	0	1	1_840931_840932_+
1	841006	0	1	1_841006_841007_+
1	841008	0	1	1_841008_841009_+
1	841028	0	2	1_841028_841029_+
1	841365	0	1	1_841365_841366_+
1	841476	0	2	1_841476_841477_+
1	842096	0	1	1_842096_842097_+
1	842260	0	1	1_842260_842261_+
1	843491	0	2	1_843491_843492_+
1	843931	0	2	1_843931_843932_+
1	844281	0	1	1_844281_844282_+
1	845247	0	1	1_845247_845248_+
1	845271	0	1	1_845271_845272_+
1	845324	0	1	1_845324_845325_+
1	845336	0	2	1_845336_845337_+
1	845339	0	2	1_845339_845340_+
1	845341	0	2	1_845341_845342_+
1	845390	0	1	1_845390_845391_+
1	845408	0	1	1_845408_845409_+
1	845458	0	1	1_845458_845459_+
1	845462	0	1	1_845462_845463_+
1	845464	0	1	1_845464_845465_+
1	845467	0	1	1_845467_845468_+
1	845486	0	1	1_845486_845487_+
1	845513	0	1	1_845513_845514_+
1	845519	0	1	1_845519_845520_+
1	845521	0	1	1_845521_845522_+
1	845528	0	1	1_845528_845529_+
1	845534	0	1	1_845534_845535_+
1	845545	0	1	1_845545_845546_+
1	845548	0	1	1_845548_845549_+
1	845550	0	1	1_845550_845551_+
1	845552	0	1	1_845552_845553_+
1	845554	0	1	1_845554_845555_+
1	845630	0	1	1_845630_845631_+
1	845632	0	1	1_845632_845633_+
1	845636	0	1	1_845636_845637_+
1	845638	0	1	1_845638_845639_+
1	845668	0	1	1_845668_845669_+
1	845690	0	1	1_845690_845691_+
1	845693	0	1	1_845693_845694_+
1	845696	0	1	1_845696_845697_+
1	845718	0	1	1_845718_845719_+
1	845727	0	1	1_845727_845728_+
1	845752	0	1	1_845752_845753_+
1	845829	0	1	1_845829_845830_+
1	846056	0	1	1_846056_846057_+
1	846209	0	1	1_846209_846210_+
1	846744	0	1	1_846744_846745_+
1	846857	0	1	1_846857_846858_+
1	846889	0	1	1_846889_846890_+
1	847393	0	1	1_847393_847394_+
1	847457	0	2	1_847457_847458_+
1	848052	0	1	1_848052_848053_+
1	848256	0	1	1_848256_848257_+
1	848351	0	1	1_848351_848352_+
1	848481	0	1	1_848481_848482_+
1	848523	0	1	1_848523_848524_+
1	849730	0	1	1_849730_849731_+
1	849751	0	3	1_849751_849752_+
1	849860	0	1	1_849860_849861_+
1	850196	0	1	1_850196_850197_+
1	850429	0	1	1_850429_850430_+
1	850704	0	1	1_850704_850705_+
1	850756	0	1	1_850756_850757_+
1	850784	0	1	1_850784_850785_+
1	850803	0	1	1_850803_850804_+
1	850885	0	1	1_850885_850886_+
1	850906	1	4	1_850906_850907_+
1	851008	0	1	1_851008_851009_+
1	851333	0	1	1_851333_851334_+
1	851379	0	1	1_851379_851380_+
1	851772	0	1	1_851772_851773_+
1	852323	0	3	1_852323_852324_+
1	852326	0	3	1_852326_852327_+
1	852839	0	2	1_852839_852840_+
1	853190	0	2	1_853190_853191_+
1	853216	0	2	1_853216_853217_+
1	853350	0	1	1_853350_853351_+
1	853613	0	1	1_853613_853614_+
1	853825	0	1	1_853825_853826_+
1	853989	0	2	1_853989_853990_+
1	853995	0	3	1_853995_853996_+
1	854668	0	2	1_854668_854669_+
1	854912	0	1	1_854912_854913_+
1	854957	0	1	1_854957_854958_+
1	854960	0	1	1_854960_854961_+
1	854972	0	1	1_854972_854973_+
1	855025	0	1	1_855025_855026_+
1	855046	0	1	1_855046_855047_+
1	855109	0	3	1_855109_855110_+
1	855210	0	2	1_855210_855211_+
1	855404	0	1	1_855404_855405_+
1	855425	0	2	1_855425_855426_+
1	855472	0	2	1_855472_855473_+
1	855741	0	1	1_855741_855742_+
1	855876	0	1	1_855876_855877_+
1	856047	0	1	1_856047_856048_+
1	856074	0	1	1_856074_856075_+
1	856472	0	1	1_856472_856473_+
1	856479	0	1	1_856479_856480_+
1	856502	0	1	1_856502_856503_+
1	856643	0	2	1_856643_856644_+
1	856651	0	2	1_856651_856652_+
1	856678	0	1	1_856678_856679_+
1	856753	0	2	1_856753_856754_+
1	856764	0	1	1_856764_856765_+
1	857015	0	1	1_857015_857016_+
1	857396	0	1	1_857396_857397_+
1	857599	0	1	1_857599_857600_+
1	857705	0	1	1_857705_857706_+
1	857943	0	1	1_857943_857944_+
1	858143	0	1	1_858143_858144_+
1	858406	0	3	1_858406_858407_+
1	858462	0	1	1_858462_858463_+
1	858598	0	2	1_858598_858599_+
1	858615	0	1	1_858615_858616_+
1	858820	0	1	1_858820_858821_+
1	858831	0	1	1_858831_858832_+
1	858971	0	1	1_858971_858972_+
1	858979	0	1	1_858979_858980_+
1	859032	0	1	1_859032_859033_+
1	859036	0	1	1_859036_859037_+
1	859075	0	1	1_859075_859076_+
1	859086	0	1	1_859086_859087_+
1	859091	0	1	1_859091_859092_+
1	859093	0	1	1_859093_859094_+
1	859118	0	1	1_859118_859119_+
1	859120	0	1	1_859120_859121_+
1	859122	0	1	1_859122_859123_+
1	859141	0	2	1_859141_859142_+
1	859145	0	1	1_859145_859146_+
1	859214	0	1	1_859214_859215_+
1	859219	0	1	1_859219_859220_+
1	859237	0	1	1_859237_859238_+
1	859252	0	1	1_859252_859253_+
1	859256	0	1	1_859256_859257_+
1	859270	0	1	1_859270_859271_+
1	859351	0	2	1_859351_859352_+
1	859353	0	2	1_859353_859354_+
1	859368	0	1	1_859368_859369_+
1	859375	0	1	1_859375_859376_+
1	859602	0	1	1_859602_859603_+
1	859668	0	1	1_859668_859669_+
1	859674	0	1	1_859674_859675_+
1	859678	0	1	1_859678_859679_+
1	859734	0	1	1_859734_859735_+
1	859736	0	1	1_859736_859737_+
1	859786	0	1	1_859786_859787_+
1	859794	0	1	1_859794_859795_+
1	859816	0	1	1_859816_859817_+
1	859819	0	1	1_859819_859820_+
1	859870	0	2	1_859870_859871_+
1	859879	0	1	1_859879_859880_+
1	859934	0	1	1_859934_859935_+
1	859936	0	1	1_859936_859937_+
1	859939	0	1	1_859939_859940_+
1	860022	0	1	1_860022_860023_+
1	860024	0	1	1_860024_860025_+
1	860048	0	1	1_860048_860049_+
1	860053	0	1	1_860053_860054_+
1	860098	0	1	1_860098_860099_+
1	860105	0	1	1_860105_860106_+
1	860107	0	1	1_860107_860108_+
1	860111	0	1	1_860111_860112_+
1	860144	0	2	1_860144_860145_+
1	860147	0	3	1_860147_860148_+
1	860152	0	2	1_860152_860153_+
1	860159	0	1	1_860159_860160_+
1	860195	0	1	1_860195_860196_+
1	860199	0	1	1_860199_860200_+
1	860235	0	1	1_860235_860236_+
1	860319	0	1	1_860319_860320_+
1	860348	0	1	1_860348_860349_+
1	860354	0	1	1_860354_860355_+
1	860446	0	1	1_860446_860447_+
1	860448	0	1	1_860448_860449_+
1	860544	0	1	1_860544_860545_+
1	860546	0	1	1_860546_860547_+
1	860600	0	1	1_860600_860601_+
1	860621	0	1	1_860621_860622_+
1	860669	0	1	1_860669_860670_+
1	860757	0	1	1_860757_860758_+
1	860761	0	1	1_860761_860762_+
1	860764	0	1	1_860764_860765_+
1	860892	0	1	1_860892_860893_+
1	860938	0	1	1_860938_860939_+
1	860947	0	1	1_860947_860948_+
1	860972	0	1	1_860972_860973_+
1	860977	0	2	1_860977_860978_+
1	861037	0	1	1_861037_861038_+
1	861039	0	1	1_861039_861040_+
1	861051	0	1	1_861051_861052_+
1	861054	0	1	1_861054_861055_+
1	861139	0	1	1_861139_861140_+
1	861152	0	2	1_861152_861153_+
1	861159	0	1	1_861159_861160_+
1	861172	0	2	1_861172_861173_+
1	861177	0	3	1_861177_861178_+
1	861195	0	1	1_861195_861196_+
1	861213	0	1	1_861213_861214_+
1	861218	0	2	1_861218_861219_+
1	861241	0	1	1_861241_861242_+
1	861287	0	2	1_861287_861288_+
1	861402	0	1	1_861402_861403_+
1	861438	0	2	1_861438_861439_+
1	861453	0	1	1_861453_861454_+
1	861475	0	1	1_861475_861476_+
1	861537	0	1	1_861537_861538_+
1	861575	0	1	1_861575_861576_+
1	861611	0	1	1_861611_861612_+
1	861721	0	1	1_861721_861722_+
1	861886	0	1	1_861886_861887_+
1	861907	0	1	1_861907_861908_+
1	862297	0	1	1_862297_862298_+
1	862521	0	2	1_862521_862522_+
1	863495	0	2	1_863495_863496_+
1	864035	0	1	1_864035_864036_+
1	864130	0	1	1_864130_864131_+
1	864143	0	1	1_864143_864144_+
1	864586	0	1	1_864586_864587_+
1	864591	0	1	1_864591_864592_+
1	864639	0	1	1_864639_864640_+
1	864682	0	1	1_864682_864683_+
1	864686	0	1	1_864686_864687_+
1	864691	0	1	1_864691_864692_+
1	864803	0	1	1_864803_864804_+
1	864918	0	1	1_864918_864919_+
1	864975	0	1	1_864975_864976_+
1	865009	0	2	1_865009_865010_+
1	865013	0	2	1_865013_865014_+
1	865136	0	1	1_865136_865137_+
1	865280	0	1	1_865280_865281_+
1	865450	0	1	1_865450_865451_+
1	865636	0	1	1_865636_865637_+
1	866011	0	2	1_866011_866012_+
1	866344	0	1	1_866344_866345_+
1	866706	0	2	1_866706_866707_+
1	866900	0	1	1_866900_866901_+
1	867227	0	1	1_867227_867228_+
1	867251	0	2	1_867251_867252_+
1	867468	0	1	1_867468_867469_+
1	867706	0	1	1_867706_867707_+
1	867870	0	2	1_867870_867871_+
1	867971	0	1	1_867971_867972_+
1	868133	0	1	1_868133_868134_+
1	868181	0	1	1_868181_868182_+
1	868194	0	1	1_868194_868195_+
1	868236	0	1	1_868236_868237_+
1	869346	0	1	1_869346_869347_+
1	869402	0	1	1_869402_869403_+
1	870419	0	1	1_870419_870420_+
1	870599	0	1	1_870599_870600_+
1	870791	0	3	1_870791_870792_+
1	870886	0	2	1_870886_870887_+
1	870923	0	1	1_870923_870924_+
1	870958	0	2	1_870958_870959_+
1	871033	0	1	1_871033_871034_+
1	871335	0	1	1_871335_871336_+
1	871441	0	1	1_871441_871442_+
1	871507	0	1	1_871507_871508_+
1	871546	0	1	1_871546_871547_+
1	871568	0	1	1_871568_871569_+
1	871589	0	1	1_871589_871590_+
1	871620	0	2	1_871620_871621_+
1	871776	0	1	1_871776_871777_+
1	871813	0	2	1_871813_871814_+
1	872369	0	1	1_872369_872370_+
1	872385	0	1	1_872385_872386_+
1	872494	0	1	1_872494_872495_+
1	872511	0	1	1_872511_872512_+
1	872555	0	1	1_872555_872556_+
1	872699	0	1	1_872699_872700_+
