#chrom	genomicpos	deaminated	total	bedcoord
1	10471	0	3	1_10471_10472_+
1	10484	0	4	1_10484_10485_+
1	10497	0	4	1_10497_10498_+
1	10525	0	8	1_10525_10526_+
1	10563	0	4	1_10563_10564_+
1	10571	0	1	1_10571_10572_+
1	10577	0	1	1_10577_10578_+
1	10589	0	3	1_10589_10590_+
1	10747	0	1	1_10747_10748_+
1	10749	0	1	1_10749_10750_+
1	10811	0	3	1_10811_10812_+
1	10813	0	3	1_10813_10814_+
1	10816	0	3	1_10816_10817_+
1	10832	0	1	1_10832_10833_+
1	10838	0	2	1_10838_10839_+
1	10848	0	3	1_10848_10849_+
1	10850	0	3	1_10850_10851_+
1	10853	0	1	1_10853_10854_+
1	10861	0	1	1_10861_10862_+
1	10867	0	1	1_10867_10868_+
1	14954	0	1	1_14954_14955_+
1	17478	0	2	1_17478_17479_+
1	17483	0	6	1_17483_17484_+
1	17492	1	11	1_17492_17493_+
1	17562	0	1	1_17562_17563_+
1	51969	0	2	1_51969_51970_+
1	51975	0	1	1_51975_51976_+
1	55907	1	1	1_55907_55908_+
1	61930	0	1	1_61930_61931_+
1	61947	0	2	1_61947_61948_+
1	61954	0	1	1_61954_61955_+
1	62277	0	3	1_62277_62278_+
1	73934	1	1	1_73934_73935_+
1	82715	0	1	1_82715_82716_+
1	87723	0	1	1_87723_87724_+
1	91159	0	1	1_91159_91160_+
1	91267	0	1	1_91267_91268_+
1	102988	0	4	1_102988_102989_+
1	115672	1	1	1_115672_115673_+
1	133180	0	1	1_133180_133181_+
1	135178	0	4	1_135178_135179_+
1	135207	0	2	1_135207_135208_+
1	135217	0	1	1_135217_135218_+
1	135232	0	1	1_135232_135233_+
1	136520	0	1	1_136520_136521_+
1	136522	0	1	1_136522_136523_+
1	136944	0	1	1_136944_136945_+
1	137169	0	1	1_137169_137170_+
1	229661	0	1	1_229661_229662_+
1	230018	0	2	1_230018_230019_+
1	233450	0	4	1_233450_233451_+
1	241193	0	1	1_241193_241194_+
1	255896	0	2	1_255896_255897_+
1	324768	0	1	1_324768_324769_+
1	324771	0	1	1_324771_324772_+
1	525653	0	1	1_525653_525654_+
1	525976	0	2	1_525976_525977_+
1	525983	0	1	1_525983_525984_+
1	526061	0	4	1_526061_526062_+
1	526065	1	3	1_526065_526066_+
1	526714	0	3	1_526714_526715_+
1	532017	0	1	1_532017_532018_+
1	532119	0	1	1_532119_532120_+
1	533234	0	1	1_533234_533235_+
1	534190	0	1	1_534190_534191_+
1	534326	0	1	1_534326_534327_+
1	534329	0	1	1_534329_534330_+
1	534343	0	1	1_534343_534344_+
1	540710	0	1	1_540710_540711_+
1	540750	0	1	1_540750_540751_+
1	540800	0	2	1_540800_540801_+
1	540808	0	1	1_540808_540809_+
1	540825	0	2	1_540825_540826_+
1	540827	0	1	1_540827_540828_+
1	540855	0	1	1_540855_540856_+
1	540867	0	1	1_540867_540868_+
1	540911	0	1	1_540911_540912_+
1	544718	0	2	1_544718_544719_+
1	546036	0	1	1_546036_546037_+
1	562049	0	3	1_562049_562050_+
1	564471	0	2	1_564471_564472_+
1	564501	1	2	1_564501_564502_+
1	564516	0	2	1_564516_564517_+
1	564600	0	2	1_564600_564601_+
1	564676	0	1	1_564676_564677_+
1	564895	0	1	1_564895_564896_+
1	564925	0	1	1_564925_564926_+
1	565949	0	3	1_565949_565950_+
1	566459	0	1	1_566459_566460_+
1	566813	1	5	1_566813_566814_+
1	567014	0	1	1_567014_567015_+
1	567122	0	1	1_567122_567123_+
1	567167	0	1	1_567167_567168_+
1	567438	0	1	1_567438_567439_+
1	567501	0	1	1_567501_567502_+
1	567882	0	1	1_567882_567883_+
1	567892	0	1	1_567892_567893_+
1	568380	0	2	1_568380_568381_+
1	568400	0	1	1_568400_568401_+
1	568409	0	1	1_568409_568410_+
1	568460	0	2	1_568460_568461_+
1	568475	0	1	1_568475_568476_+
1	568529	0	1	1_568529_568530_+
1	568668	0	2	1_568668_568669_+
1	568698	0	2	1_568698_568699_+
1	568715	0	3	1_568715_568716_+
1	569129	0	1	1_569129_569130_+
1	569271	0	1	1_569271_569272_+
1	569842	0	1	1_569842_569843_+
1	571899	0	1	1_571899_571900_+
1	585849	0	1	1_585849_585850_+
1	586161	0	1	1_586161_586162_+
1	586218	0	1	1_586218_586219_+
1	615330	0	1	1_615330_615331_+
1	625472	0	1	1_625472_625473_+
1	637725	0	1	1_637725_637726_+
1	637754	0	3	1_637754_637755_+
1	662581	0	1	1_662581_662582_+
1	662645	0	1	1_662645_662646_+
1	662706	0	1	1_662706_662707_+
1	700468	0	1	1_700468_700469_+
1	701859	0	1	1_701859_701860_+
1	704315	0	3	1_704315_704316_+
1	705751	0	1	1_705751_705752_+
1	705870	0	6	1_705870_705871_+
1	705907	0	2	1_705907_705908_+
1	707037	0	2	1_707037_707038_+
1	707095	0	2	1_707095_707096_+
1	708897	0	1	1_708897_708898_+
1	710099	0	2	1_710099_710100_+
1	710190	0	2	1_710190_710191_+
1	711705	0	1	1_711705_711706_+
1	712545	0	3	1_712545_712546_+
1	712585	0	2	1_712585_712586_+
1	712739	0	1	1_712739_712740_+
1	712987	0	1	1_712987_712988_+
1	713105	0	1	1_713105_713106_+
1	713205	1	1	1_713205_713206_+
1	713252	0	1	1_713252_713253_+
1	713293	0	2	1_713293_713294_+
1	713305	0	5	1_713305_713306_+
1	713317	0	1	1_713317_713318_+
1	713388	0	1	1_713388_713389_+
1	713400	0	4	1_713400_713401_+
1	713447	0	1	1_713447_713448_+
1	713449	0	2	1_713449_713450_+
1	713453	0	2	1_713453_713454_+
1	713512	0	1	1_713512_713513_+
1	713901	0	1	1_713901_713902_+
1	713921	0	1	1_713921_713922_+
1	713985	0	2	1_713985_713986_+
1	714049	0	1	1_714049_714050_+
1	714052	0	1	1_714052_714053_+
1	714060	0	2	1_714060_714061_+
1	714071	0	1	1_714071_714072_+
1	714076	0	1	1_714076_714077_+
1	714083	0	1	1_714083_714084_+
1	714096	0	3	1_714096_714097_+
1	714137	0	2	1_714137_714138_+
1	714139	0	2	1_714139_714140_+
1	714167	0	1	1_714167_714168_+
1	714169	0	2	1_714169_714170_+
1	714177	0	1	1_714177_714178_+
1	714213	0	1	1_714213_714214_+
1	714239	0	1	1_714239_714240_+
1	714254	0	2	1_714254_714255_+
1	714258	0	2	1_714258_714259_+
1	714261	0	1	1_714261_714262_+
1	714264	0	2	1_714264_714265_+
1	714292	0	1	1_714292_714293_+
1	714300	0	2	1_714300_714301_+
1	714307	0	2	1_714307_714308_+
1	714313	0	2	1_714313_714314_+
1	714317	0	2	1_714317_714318_+
1	714510	0	1	1_714510_714511_+
1	714546	0	2	1_714546_714547_+
1	714565	0	1	1_714565_714566_+
1	714660	0	1	1_714660_714661_+
1	714723	0	2	1_714723_714724_+
1	715031	0	1	1_715031_715032_+
1	715035	0	2	1_715035_715036_+
1	715041	0	1	1_715041_715042_+
1	715079	0	1	1_715079_715080_+
1	715083	0	2	1_715083_715084_+
1	715110	0	2	1_715110_715111_+
1	715121	0	4	1_715121_715122_+
1	715250	0	2	1_715250_715251_+
1	715277	0	3	1_715277_715278_+
1	715283	0	2	1_715283_715284_+
1	715389	1	2	1_715389_715390_+
1	715391	0	1	1_715391_715392_+
1	715414	0	1	1_715414_715415_+
1	715433	0	2	1_715433_715434_+
1	715449	1	1	1_715449_715450_+
1	716050	0	2	1_716050_716051_+
1	716058	0	1	1_716058_716059_+
1	716378	0	1	1_716378_716379_+
1	717601	0	3	1_717601_717602_+
1	721427	0	3	1_721427_721428_+
1	723701	0	3	1_723701_723702_+
1	723837	0	2	1_723837_723838_+
1	724240	0	5	1_724240_724241_+
1	724246	0	4	1_724246_724247_+
1	724260	0	3	1_724260_724261_+
1	724710	0	4	1_724710_724711_+
1	725056	0	1	1_725056_725057_+
1	725346	0	2	1_725346_725347_+
1	725871	0	5	1_725871_725872_+
1	725986	0	2	1_725986_725987_+
1	726540	0	1	1_726540_726541_+
1	726570	1	5	1_726570_726571_+
1	726605	0	3	1_726605_726606_+
1	726734	0	3	1_726734_726735_+
1	726904	0	1	1_726904_726905_+
1	727204	0	1	1_727204_727205_+
1	728402	0	1	1_728402_728403_+
1	728923	1	1	1_728923_728924_+
1	729720	0	3	1_729720_729721_+
1	731740	0	1	1_731740_731741_+
1	732127	0	2	1_732127_732128_+
1	734133	0	1	1_734133_734134_+
1	734327	0	1	1_734327_734328_+
1	737832	0	2	1_737832_737833_+
1	738211	0	1	1_738211_738212_+
1	738770	0	2	1_738770_738771_+
1	739377	0	1	1_739377_739378_+
1	739545	0	3	1_739545_739546_+
1	739682	0	1	1_739682_739683_+
1	740743	0	1	1_740743_740744_+
1	740810	0	1	1_740810_740811_+
1	741828	0	1	1_741828_741829_+
1	742234	0	2	1_742234_742235_+
1	742369	0	1	1_742369_742370_+
1	750033	0	3	1_750033_750034_+
1	751772	0	1	1_751772_751773_+
1	752454	0	1	1_752454_752455_+
1	752495	0	3	1_752495_752496_+
1	752673	0	1	1_752673_752674_+
1	752696	0	4	1_752696_752697_+
1	752747	0	2	1_752747_752748_+
1	753358	0	3	1_753358_753359_+
1	753370	0	2	1_753370_753371_+
1	753666	0	5	1_753666_753667_+
1	753723	0	1	1_753723_753724_+
1	754108	0	1	1_754108_754109_+
1	754137	0	1	1_754137_754138_+
1	754153	0	3	1_754153_754154_+
1	754244	0	1	1_754244_754245_+
1	754739	0	1	1_754739_754740_+
1	754820	0	2	1_754820_754821_+
1	755523	0	6	1_755523_755524_+
1	755728	0	4	1_755728_755729_+
1	755749	0	4	1_755749_755750_+
1	755798	0	1	1_755798_755799_+
1	755903	0	2	1_755903_755904_+
1	756395	0	1	1_756395_756396_+
1	756453	0	2	1_756453_756454_+
1	756558	0	3	1_756558_756559_+
1	756640	0	4	1_756640_756641_+
1	756885	0	4	1_756885_756886_+
1	757039	0	2	1_757039_757040_+
1	757153	0	5	1_757153_757154_+
1	757199	0	7	1_757199_757200_+
1	757720	0	1	1_757720_757721_+
1	758163	0	6	1_758163_758164_+
1	758243	0	8	1_758243_758244_+
1	758350	0	1	1_758350_758351_+
1	758628	0	1	1_758628_758629_+
1	758829	0	4	1_758829_758830_+
1	759844	0	2	1_759844_759845_+
1	760140	0	1	1_760140_760141_+
1	760964	1	1	1_760964_760965_+
1	761298	0	3	1_761298_761299_+
1	761370	1	2	1_761370_761371_+
1	761445	0	1	1_761445_761446_+
1	762113	0	2	1_762113_762114_+
1	762179	0	3	1_762179_762180_+
1	762232	0	2	1_762232_762233_+
1	762244	0	1	1_762244_762245_+
1	762297	0	2	1_762297_762298_+
1	762323	0	1	1_762323_762324_+
1	762594	0	1	1_762594_762595_+
1	762596	0	1	1_762596_762597_+
1	762598	0	1	1_762598_762599_+
1	762741	0	1	1_762741_762742_+
1	762752	0	1	1_762752_762753_+
1	762806	0	4	1_762806_762807_+
1	762809	0	2	1_762809_762810_+
1	762865	0	2	1_762865_762866_+
1	762869	0	1	1_762869_762870_+
1	762882	0	3	1_762882_762883_+
1	762891	0	1	1_762891_762892_+
1	762897	0	1	1_762897_762898_+
1	762919	0	1	1_762919_762920_+
1	762926	0	1	1_762926_762927_+
1	762933	0	2	1_762933_762934_+
1	762937	0	2	1_762937_762938_+
1	762966	0	1	1_762966_762967_+
1	762972	0	1	1_762972_762973_+
1	762982	0	2	1_762982_762983_+
1	762987	0	3	1_762987_762988_+
1	762995	0	2	1_762995_762996_+
1	763005	0	2	1_763005_763006_+
1	763017	0	1	1_763017_763018_+
1	763814	0	1	1_763814_763815_+
1	764421	0	2	1_764421_764422_+
1	764722	0	1	1_764722_764723_+
1	766285	0	2	1_766285_766286_+
1	766328	0	1	1_766328_766329_+
1	766880	0	2	1_766880_766881_+
1	766946	0	1	1_766946_766947_+
1	767097	0	2	1_767097_767098_+
1	767220	1	4	1_767220_767221_+
1	767253	0	1	1_767253_767254_+
1	767493	0	1	1_767493_767494_+
1	767560	0	5	1_767560_767561_+
1	767605	0	3	1_767605_767606_+
1	767710	0	1	1_767710_767711_+
1	767864	0	2	1_767864_767865_+
1	768049	0	4	1_768049_768050_+
1	768086	0	4	1_768086_768087_+
1	768181	0	1	1_768181_768182_+
1	768550	0	1	1_768550_768551_+
1	769054	1	2	1_769054_769055_+
1	769174	0	2	1_769174_769175_+
1	769251	0	1	1_769251_769252_+
1	769271	0	3	1_769271_769272_+
1	769890	0	4	1_769890_769891_+
1	769893	0	3	1_769893_769894_+
1	770082	0	1	1_770082_770083_+
1	770368	0	1	1_770368_770369_+
1	770390	0	5	1_770390_770391_+
1	771076	0	1	1_771076_771077_+
1	771897	0	2	1_771897_771898_+
1	772322	1	1	1_772322_772323_+
1	772957	0	1	1_772957_772958_+
1	773936	0	2	1_773936_773937_+
1	775674	0	1	1_775674_775675_+
1	776599	0	5	1_776599_776600_+
1	776644	0	2	1_776644_776645_+
1	776861	1	2	1_776861_776862_+
1	776977	0	2	1_776977_776978_+
1	777013	0	6	1_777013_777014_+
1	777046	2	4	1_777046_777047_+
1	777241	0	2	1_777241_777242_+
1	777244	0	1	1_777244_777245_+
1	777287	0	1	1_777287_777288_+
1	778111	0	3	1_778111_778112_+
1	778148	0	2	1_778148_778149_+
1	778269	0	5	1_778269_778270_+
1	778272	0	4	1_778272_778273_+
1	778288	0	1	1_778288_778289_+
1	778292	0	1	1_778292_778293_+
1	778443	0	1	1_778443_778444_+
1	778600	0	3	1_778600_778601_+
1	778743	1	5	1_778743_778744_+
1	778777	0	1	1_778777_778778_+
1	778871	0	1	1_778871_778872_+
1	779077	0	1	1_779077_779078_+
1	779548	0	3	1_779548_779549_+
1	779552	0	3	1_779552_779553_+
1	779582	0	1	1_779582_779583_+
1	780086	0	1	1_780086_780087_+
1	780206	0	1	1_780206_780207_+
1	780325	0	4	1_780325_780326_+
1	780893	0	1	1_780893_780894_+
1	780901	0	2	1_780901_780902_+
1	782169	0	1	1_782169_782170_+
1	782245	0	3	1_782245_782246_+
1	783005	0	1	1_783005_783006_+
1	783095	0	1	1_783095_783096_+
1	783128	0	3	1_783128_783129_+
1	783649	0	4	1_783649_783650_+
1	784177	0	2	1_784177_784178_+
1	784411	0	2	1_784411_784412_+
1	784602	0	1	1_784602_784603_+
1	785059	0	5	1_785059_785060_+
1	785073	1	5	1_785073_785074_+
1	785592	0	2	1_785592_785593_+
1	785628	0	3	1_785628_785629_+
1	785635	0	3	1_785635_785636_+
1	785722	0	1	1_785722_785723_+
1	785802	0	2	1_785802_785803_+
1	786896	0	1	1_786896_786897_+
1	788365	0	1	1_788365_788366_+
1	788373	0	4	1_788373_788374_+
1	788487	0	1	1_788487_788488_+
1	788491	0	1	1_788491_788492_+
1	788531	2	3	1_788531_788532_+
1	788533	0	3	1_788533_788534_+
1	788916	0	1	1_788916_788917_+
1	789232	0	1	1_789232_789233_+
1	789359	0	3	1_789359_789360_+
1	789876	0	3	1_789876_789877_+
1	789950	0	1	1_789950_789951_+
1	790025	0	2	1_790025_790026_+
1	790035	0	3	1_790035_790036_+
1	790109	0	3	1_790109_790110_+
1	790399	0	1	1_790399_790400_+
1	790432	0	2	1_790432_790433_+
1	790463	0	1	1_790463_790464_+
1	790698	0	1	1_790698_790699_+
1	790748	0	3	1_790748_790749_+
1	791054	0	4	1_791054_791055_+
1	791179	1	2	1_791179_791180_+
1	791543	0	2	1_791543_791544_+
1	791753	0	2	1_791753_791754_+
1	791869	0	2	1_791869_791870_+
1	792126	0	5	1_792126_792127_+
1	792150	0	3	1_792150_792151_+
1	792185	0	1	1_792185_792186_+
1	793920	0	2	1_793920_793921_+
1	793962	0	2	1_793962_793963_+
1	794230	0	7	1_794230_794231_+
1	795036	0	2	1_795036_795037_+
1	795725	0	2	1_795725_795726_+
1	796076	0	3	1_796076_796077_+
1	796203	0	1	1_796203_796204_+
1	796249	0	1	1_796249_796250_+
1	796328	0	4	1_796328_796329_+
1	796361	0	3	1_796361_796362_+
1	797785	0	1	1_797785_797786_+
1	799187	0	4	1_799187_799188_+
1	799419	0	2	1_799419_799420_+
1	799550	0	2	1_799550_799551_+
1	799730	0	1	1_799730_799731_+
1	801090	0	1	1_801090_801091_+
1	801122	1	4	1_801122_801123_+
1	801190	0	1	1_801190_801191_+
1	801290	1	4	1_801290_801291_+
1	801595	0	4	1_801595_801596_+
1	801616	0	6	1_801616_801617_+
1	801819	0	3	1_801819_801820_+
1	801850	0	6	1_801850_801851_+
1	801868	0	3	1_801868_801869_+
1	801875	1	2	1_801875_801876_+
1	801896	0	5	1_801896_801897_+
1	801916	0	2	1_801916_801917_+
1	802327	0	2	1_802327_802328_+
1	802386	0	3	1_802386_802387_+
1	802484	0	3	1_802484_802485_+
1	802523	0	2	1_802523_802524_+
1	802533	0	3	1_802533_802534_+
1	802819	0	3	1_802819_802820_+
1	803078	0	1	1_803078_803079_+
1	804432	0	1	1_804432_804433_+
1	804912	0	2	1_804912_804913_+
1	804945	0	1	1_804945_804946_+
1	804992	0	2	1_804992_804993_+
1	804999	0	2	1_804999_805000_+
1	805102	0	4	1_805102_805103_+
1	805158	0	2	1_805158_805159_+
1	805199	0	2	1_805199_805200_+
1	805201	0	3	1_805201_805202_+
1	805214	0	4	1_805214_805215_+
1	805228	0	4	1_805228_805229_+
1	805230	0	3	1_805230_805231_+
1	805244	0	3	1_805244_805245_+
1	805246	0	2	1_805246_805247_+
1	805252	0	3	1_805252_805253_+
1	805273	0	4	1_805273_805274_+
1	805281	0	2	1_805281_805282_+
1	805283	0	1	1_805283_805284_+
1	805289	0	2	1_805289_805290_+
1	805295	0	2	1_805295_805296_+
1	805327	0	1	1_805327_805328_+
1	805341	0	1	1_805341_805342_+
1	805352	0	3	1_805352_805353_+
1	805377	0	4	1_805377_805378_+
1	805382	0	2	1_805382_805383_+
1	805403	0	5	1_805403_805404_+
1	805411	0	3	1_805411_805412_+
1	805428	0	2	1_805428_805429_+
1	805434	0	2	1_805434_805435_+
1	805436	0	1	1_805436_805437_+
1	805444	0	4	1_805444_805445_+
1	805449	0	5	1_805449_805450_+
1	805467	0	4	1_805467_805468_+
1	805474	0	5	1_805474_805475_+
1	805477	0	4	1_805477_805478_+
1	805479	0	5	1_805479_805480_+
1	805484	0	4	1_805484_805485_+
1	805500	0	3	1_805500_805501_+
1	805519	0	2	1_805519_805520_+
1	805522	0	1	1_805522_805523_+
1	805538	0	2	1_805538_805539_+
1	805541	0	3	1_805541_805542_+
1	805554	0	2	1_805554_805555_+
1	805573	0	1	1_805573_805574_+
1	805604	0	5	1_805604_805605_+
1	805606	0	5	1_805606_805607_+
1	805616	0	3	1_805616_805617_+
1	805627	0	3	1_805627_805628_+
1	805746	0	2	1_805746_805747_+
1	805786	0	4	1_805786_805787_+
1	805942	0	4	1_805942_805943_+
1	806051	0	4	1_806051_806052_+
1	806120	0	4	1_806120_806121_+
1	806231	0	1	1_806231_806232_+
