#chrom	genomicpos	deaminated	total	bedcoord
1	10471	0	2	1_10471_10472_+
1	10484	1	6	1_10484_10485_+
1	10497	1	3	1_10497_10498_+
1	10525	1	10	1_10525_10526_+
1	10563	0	2	1_10563_10564_+
1	10571	1	4	1_10571_10572_+
1	10577	1	2	1_10577_10578_+
1	10589	1	1	1_10589_10590_+
1	10609	0	1	1_10609_10610_+
1	10789	1	1	1_10789_10790_+
1	10795	1	1	1_10795_10796_+
1	10811	0	3	1_10811_10812_+
1	10813	0	2	1_10813_10814_+
1	10816	0	3	1_10816_10817_+
1	10832	0	1	1_10832_10833_+
1	10838	0	1	1_10838_10839_+
1	15865	0	2	1_15865_15866_+
1	15882	0	2	1_15882_15883_+
1	15912	0	1	1_15912_15913_+
1	16243	0	1	1_16243_16244_+
1	17478	0	8	1_17478_17479_+
1	17483	0	10	1_17483_17484_+
1	17492	0	12	1_17492_17493_+
1	19772	0	1	1_19772_19773_+
1	51458	0	1	1_51458_51459_+
1	51969	0	1	1_51969_51970_+
1	51975	0	2	1_51975_51976_+
1	58447	0	1	1_58447_58448_+
1	62140	0	2	1_62140_62141_+
1	62277	0	1	1_62277_62278_+
1	63322	0	1	1_63322_63323_+
1	73228	0	1	1_73228_73229_+
1	87723	0	1	1_87723_87724_+
1	91159	0	1	1_91159_91160_+
1	94860	0	1	1_94860_94861_+
1	95073	0	1	1_95073_95074_+
1	104196	0	2	1_104196_104197_+
1	115672	0	2	1_115672_115673_+
1	133180	0	1	1_133180_133181_+
1	135028	0	1	1_135028_135029_+
1	135178	0	2	1_135178_135179_+
1	135207	1	2	1_135207_135208_+
1	135217	0	1	1_135217_135218_+
1	135232	0	1	1_135232_135233_+
1	136534	0	1	1_136534_136535_+
1	136618	0	1	1_136618_136619_+
1	136718	1	1	1_136718_136719_+
1	136730	0	1	1_136730_136731_+
1	136911	0	1	1_136911_136912_+
1	136925	0	1	1_136925_136926_+
1	136944	0	1	1_136944_136945_+
1	136974	0	2	1_136974_136975_+
1	137059	0	2	1_137059_137060_+
1	137157	0	2	1_137157_137158_+
1	137169	0	2	1_137169_137170_+
1	229621	0	1	1_229621_229622_+
1	230018	0	1	1_230018_230019_+
1	233450	0	3	1_233450_233451_+
1	255896	0	1	1_255896_255897_+
1	362824	0	1	1_362824_362825_+
1	414113	0	1	1_414113_414114_+
1	414115	0	1	1_414115_414116_+
1	525463	0	1	1_525463_525464_+
1	525983	0	1	1_525983_525984_+
1	525990	0	1	1_525990_525991_+
1	526061	0	2	1_526061_526062_+
1	526065	0	4	1_526065_526066_+
1	526714	0	2	1_526714_526715_+
1	533127	0	1	1_533127_533128_+
1	533939	0	1	1_533939_533940_+
1	534343	0	3	1_534343_534344_+
1	536558	0	1	1_536558_536559_+
1	540750	0	4	1_540750_540751_+
1	540800	0	2	1_540800_540801_+
1	540808	0	1	1_540808_540809_+
1	540827	0	1	1_540827_540828_+
1	540837	0	1	1_540837_540838_+
1	544811	0	1	1_544811_544812_+
1	546030	1	1	1_546030_546031_+
1	546034	0	1	1_546034_546035_+
1	546036	0	1	1_546036_546037_+
1	546102	0	2	1_546102_546103_+
1	562049	0	1	1_562049_562050_+
1	564471	0	4	1_564471_564472_+
1	564600	0	1	1_564600_564601_+
1	564925	0	1	1_564925_564926_+
1	565262	0	1	1_565262_565263_+
1	565397	0	1	1_565397_565398_+
1	565949	1	2	1_565949_565950_+
1	566813	0	3	1_566813_566814_+
1	566995	1	1	1_566995_566996_+
1	567014	0	2	1_567014_567015_+
1	567438	0	1	1_567438_567439_+
1	567501	0	2	1_567501_567502_+
1	567756	0	1	1_567756_567757_+
1	568409	0	2	1_568409_568410_+
1	568460	1	2	1_568460_568461_+
1	568469	1	2	1_568469_568470_+
1	568475	0	1	1_568475_568476_+
1	568698	0	1	1_568698_568699_+
1	568715	0	4	1_568715_568716_+
1	569081	0	1	1_569081_569082_+
1	569129	0	1	1_569129_569130_+
1	569271	0	3	1_569271_569272_+
1	569842	0	1	1_569842_569843_+
1	585849	0	1	1_585849_585850_+
1	586134	0	1	1_586134_586135_+
1	586218	0	1	1_586218_586219_+
1	615330	0	2	1_615330_615331_+
1	626233	0	1	1_626233_626234_+
1	637725	0	1	1_637725_637726_+
1	637754	0	3	1_637754_637755_+
1	662536	0	1	1_662536_662537_+
1	662581	0	1	1_662581_662582_+
1	689390	0	1	1_689390_689391_+
1	700468	0	1	1_700468_700469_+
1	700490	0	1	1_700490_700491_+
1	701859	0	1	1_701859_701860_+
1	704243	0	1	1_704243_704244_+
1	704315	0	5	1_704315_704316_+
1	705751	0	1	1_705751_705752_+
1	705870	0	2	1_705870_705871_+
1	705907	0	1	1_705907_705908_+
1	706348	0	1	1_706348_706349_+
1	707095	0	2	1_707095_707096_+
1	710099	0	2	1_710099_710100_+
1	711705	0	1	1_711705_711706_+
1	712545	0	3	1_712545_712546_+
1	712585	0	1	1_712585_712586_+
1	712739	1	2	1_712739_712740_+
1	712987	0	1	1_712987_712988_+
1	712995	0	1	1_712995_712996_+
1	713200	0	1	1_713200_713201_+
1	713205	0	1	1_713205_713206_+
1	713252	0	1	1_713252_713253_+
1	713293	0	1	1_713293_713294_+
1	713388	0	3	1_713388_713389_+
1	713400	0	3	1_713400_713401_+
1	713447	0	1	1_713447_713448_+
1	713901	0	1	1_713901_713902_+
1	713921	0	1	1_713921_713922_+
1	714012	0	2	1_714012_714013_+
1	714021	0	2	1_714021_714022_+
1	714049	0	2	1_714049_714050_+
1	714052	0	3	1_714052_714053_+
1	714060	0	2	1_714060_714061_+
1	714071	0	3	1_714071_714072_+
1	714076	0	3	1_714076_714077_+
1	714083	0	4	1_714083_714084_+
1	714096	0	3	1_714096_714097_+
1	714137	0	2	1_714137_714138_+
1	714139	0	4	1_714139_714140_+
1	714167	0	2	1_714167_714168_+
1	714169	0	2	1_714169_714170_+
1	714254	0	1	1_714254_714255_+
1	714258	0	1	1_714258_714259_+
1	714261	0	1	1_714261_714262_+
1	714264	0	4	1_714264_714265_+
1	714300	0	1	1_714300_714301_+
1	714307	0	1	1_714307_714308_+
1	714338	0	1	1_714338_714339_+
1	714546	0	4	1_714546_714547_+
1	714565	0	1	1_714565_714566_+
1	714660	0	3	1_714660_714661_+
1	714715	0	1	1_714715_714716_+
1	715079	1	2	1_715079_715080_+
1	715083	0	1	1_715083_715084_+
1	715110	0	5	1_715110_715111_+
1	715121	0	1	1_715121_715122_+
1	715277	0	1	1_715277_715278_+
1	715283	0	1	1_715283_715284_+
1	715389	0	3	1_715389_715390_+
1	715391	0	5	1_715391_715392_+
1	715414	0	4	1_715414_715415_+
1	715449	0	1	1_715449_715450_+
1	716050	0	1	1_716050_716051_+
1	717601	0	2	1_717601_717602_+
1	718572	0	2	1_718572_718573_+
1	720695	1	2	1_720695_720696_+
1	721427	0	1	1_721427_721428_+
1	723701	0	1	1_723701_723702_+
1	723837	0	1	1_723837_723838_+
1	724240	0	1	1_724240_724241_+
1	724246	0	1	1_724246_724247_+
1	724260	0	2	1_724260_724261_+
1	724710	0	2	1_724710_724711_+
1	724806	0	4	1_724806_724807_+
1	725056	0	2	1_725056_725057_+
1	725346	0	6	1_725346_725347_+
1	725871	0	2	1_725871_725872_+
1	725986	0	1	1_725986_725987_+
1	726540	0	2	1_726540_726541_+
1	726570	2	6	1_726570_726571_+
1	726605	0	2	1_726605_726606_+
1	726734	1	1	1_726734_726735_+
1	726904	0	1	1_726904_726905_+
1	728290	0	1	1_728290_728291_+
1	728923	0	1	1_728923_728924_+
1	729888	0	2	1_729888_729889_+
1	730453	0	1	1_730453_730454_+
1	732127	0	1	1_732127_732128_+
1	734133	1	1	1_734133_734134_+
1	734327	0	1	1_734327_734328_+
1	736025	0	1	1_736025_736026_+
1	737832	0	1	1_737832_737833_+
1	738211	1	1	1_738211_738212_+
1	739545	0	1	1_739545_739546_+
1	740303	0	1	1_740303_740304_+
1	740810	0	1	1_740810_740811_+
1	742234	0	1	1_742234_742235_+
1	746796	0	1	1_746796_746797_+
1	747751	0	2	1_747751_747752_+
1	748480	0	1	1_748480_748481_+
1	750033	0	1	1_750033_750034_+
1	750082	0	2	1_750082_750083_+
1	752495	0	2	1_752495_752496_+
1	752673	0	5	1_752673_752674_+
1	752696	0	5	1_752696_752697_+
1	752747	0	4	1_752747_752748_+
1	752805	0	1	1_752805_752806_+
1	753370	0	2	1_753370_753371_+
1	753376	0	3	1_753376_753377_+
1	753379	0	4	1_753379_753380_+
1	753491	0	1	1_753491_753492_+
1	753666	0	2	1_753666_753667_+
1	754108	0	2	1_754108_754109_+
1	754137	0	1	1_754137_754138_+
1	754153	0	3	1_754153_754154_+
1	754185	0	2	1_754185_754186_+
1	754244	0	1	1_754244_754245_+
1	754739	0	1	1_754739_754740_+
1	754820	0	2	1_754820_754821_+
1	755209	0	3	1_755209_755210_+
1	755523	0	3	1_755523_755524_+
1	755728	0	4	1_755728_755729_+
1	755749	0	1	1_755749_755750_+
1	755798	0	3	1_755798_755799_+
1	755903	0	1	1_755903_755904_+
1	756395	1	2	1_756395_756396_+
1	756453	0	3	1_756453_756454_+
1	756518	0	2	1_756518_756519_+
1	756558	0	6	1_756558_756559_+
1	756640	0	2	1_756640_756641_+
1	756885	0	3	1_756885_756886_+
1	757039	1	6	1_757039_757040_+
1	757153	0	5	1_757153_757154_+
1	757199	0	1	1_757199_757200_+
1	757720	0	4	1_757720_757721_+
1	758163	0	2	1_758163_758164_+
1	758243	0	3	1_758243_758244_+
1	758350	0	5	1_758350_758351_+
1	758829	1	2	1_758829_758830_+
1	758945	0	4	1_758945_758946_+
1	760964	0	2	1_760964_760965_+
1	761298	0	2	1_761298_761299_+
1	761370	0	4	1_761370_761371_+
1	762179	0	2	1_762179_762180_+
1	762232	0	2	1_762232_762233_+
1	762279	0	1	1_762279_762280_+
1	762574	0	1	1_762574_762575_+
1	762806	0	2	1_762806_762807_+
1	762809	0	3	1_762809_762810_+
1	762850	0	1	1_762850_762851_+
1	762869	0	2	1_762869_762870_+
1	762882	0	2	1_762882_762883_+
1	762891	0	1	1_762891_762892_+
1	762897	0	1	1_762897_762898_+
1	762912	0	2	1_762912_762913_+
1	762915	0	3	1_762915_762916_+
1	762917	0	2	1_762917_762918_+
1	762919	0	2	1_762919_762920_+
1	762926	0	1	1_762926_762927_+
1	762933	0	1	1_762933_762934_+
1	762937	0	1	1_762937_762938_+
1	762966	0	4	1_762966_762967_+
1	762972	0	2	1_762972_762973_+
1	762977	0	2	1_762977_762978_+
1	762982	0	2	1_762982_762983_+
1	762987	0	3	1_762987_762988_+
1	762995	0	2	1_762995_762996_+
1	763031	0	1	1_763031_763032_+
1	763036	0	1	1_763036_763037_+
1	763038	0	1	1_763038_763039_+
1	763040	0	1	1_763040_763041_+
1	764421	0	1	1_764421_764422_+
1	765531	0	1	1_765531_765532_+
1	766285	0	1	1_766285_766286_+
1	766880	0	4	1_766880_766881_+
1	766946	0	1	1_766946_766947_+
1	767097	0	4	1_767097_767098_+
1	767220	0	4	1_767220_767221_+
1	767253	0	1	1_767253_767254_+
1	767493	0	1	1_767493_767494_+
1	767560	0	2	1_767560_767561_+
1	767605	0	2	1_767605_767606_+
1	767864	0	1	1_767864_767865_+
1	768049	0	4	1_768049_768050_+
1	768086	0	3	1_768086_768087_+
1	769054	0	1	1_769054_769055_+
1	769174	0	1	1_769174_769175_+
1	769251	0	2	1_769251_769252_+
1	769271	1	3	1_769271_769272_+
1	769890	1	6	1_769890_769891_+
1	769893	1	6	1_769893_769894_+
1	770368	0	1	1_770368_770369_+
1	770390	0	3	1_770390_770391_+
1	771741	0	1	1_771741_771742_+
1	771897	0	2	1_771897_771898_+
1	772322	0	3	1_772322_772323_+
1	772957	2	6	1_772957_772958_+
1	773936	0	1	1_773936_773937_+
1	775674	0	1	1_775674_775675_+
1	776270	0	1	1_776270_776271_+
1	776644	1	3	1_776644_776645_+
1	776861	0	1	1_776861_776862_+
1	776977	0	3	1_776977_776978_+
1	777013	0	1	1_777013_777014_+
1	777046	0	1	1_777046_777047_+
1	777241	0	2	1_777241_777242_+
1	777244	0	3	1_777244_777245_+
1	777287	0	4	1_777287_777288_+
1	777986	0	1	1_777986_777987_+
1	778111	0	4	1_778111_778112_+
1	778148	0	4	1_778148_778149_+
1	778272	0	1	1_778272_778273_+
1	778288	1	2	1_778288_778289_+
1	778292	0	1	1_778292_778293_+
1	778743	0	1	1_778743_778744_+
1	778871	0	1	1_778871_778872_+
1	779107	0	1	1_779107_779108_+
1	779548	0	5	1_779548_779549_+
1	779552	0	5	1_779552_779553_+
1	780101	0	2	1_780101_780102_+
1	780627	0	1	1_780627_780628_+
1	780893	0	1	1_780893_780894_+
1	780901	0	1	1_780901_780902_+
1	782169	0	1	1_782169_782170_+
1	782245	0	1	1_782245_782246_+
1	782283	0	1	1_782283_782284_+
1	782862	0	2	1_782862_782863_+
1	783005	0	1	1_783005_783006_+
1	783095	1	2	1_783095_783096_+
1	783128	0	1	1_783128_783129_+
1	783649	0	5	1_783649_783650_+
1	784177	0	1	1_784177_784178_+
1	784411	0	1	1_784411_784412_+
1	785059	0	3	1_785059_785060_+
1	785073	0	4	1_785073_785074_+
1	785223	0	2	1_785223_785224_+
1	785592	0	1	1_785592_785593_+
1	785628	0	1	1_785628_785629_+
1	785635	0	2	1_785635_785636_+
1	785802	0	4	1_785802_785803_+
1	787421	0	2	1_787421_787422_+
1	787423	0	2	1_787423_787424_+
1	788365	1	3	1_788365_788366_+
1	788373	0	1	1_788373_788374_+
1	788435	0	1	1_788435_788436_+
1	788487	0	4	1_788487_788488_+
1	788491	0	3	1_788491_788492_+
1	788503	0	2	1_788503_788504_+
1	788531	0	1	1_788531_788532_+
1	788533	0	2	1_788533_788534_+
1	789259	0	2	1_789259_789260_+
1	789876	0	2	1_789876_789877_+
1	789950	0	1	1_789950_789951_+
1	790025	0	5	1_790025_790026_+
1	790035	0	2	1_790035_790036_+
1	790109	0	2	1_790109_790110_+
1	790399	1	1	1_790399_790400_+
1	790432	0	1	1_790432_790433_+
1	790463	0	4	1_790463_790464_+
1	790698	0	2	1_790698_790699_+
1	790748	2	4	1_790748_790749_+
1	791054	0	3	1_791054_791055_+
1	791543	0	1	1_791543_791544_+
1	791753	0	1	1_791753_791754_+
1	792126	0	1	1_792126_792127_+
1	792150	0	8	1_792150_792151_+
1	792185	0	2	1_792185_792186_+
1	792654	0	2	1_792654_792655_+
1	793867	0	1	1_793867_793868_+
1	793920	1	2	1_793920_793921_+
1	793962	0	1	1_793962_793963_+
1	794230	0	1	1_794230_794231_+
1	795036	0	3	1_795036_795037_+
1	795725	0	2	1_795725_795726_+
1	796076	0	1	1_796076_796077_+
1	796203	0	3	1_796203_796204_+
1	796328	0	2	1_796328_796329_+
1	796361	0	3	1_796361_796362_+
1	796521	0	1	1_796521_796522_+
1	797625	0	1	1_797625_797626_+
1	797785	0	1	1_797785_797786_+
1	799001	0	1	1_799001_799002_+
1	799187	1	2	1_799187_799188_+
1	799419	0	2	1_799419_799420_+
1	799550	0	2	1_799550_799551_+
1	801190	0	3	1_801190_801191_+
1	801290	1	2	1_801290_801291_+
1	801595	0	2	1_801595_801596_+
1	801616	1	5	1_801616_801617_+
1	801850	0	1	1_801850_801851_+
1	801868	0	5	1_801868_801869_+
1	801875	0	5	1_801875_801876_+
1	801896	0	2	1_801896_801897_+
1	801916	0	3	1_801916_801917_+
1	801984	1	1	1_801984_801985_+
1	802386	0	4	1_802386_802387_+
1	802484	0	2	1_802484_802485_+
1	802533	0	4	1_802533_802534_+
1	802584	0	2	1_802584_802585_+
1	802819	0	2	1_802819_802820_+
1	803078	0	1	1_803078_803079_+
1	803144	0	1	1_803144_803145_+
1	804432	0	3	1_804432_804433_+
1	804912	0	2	1_804912_804913_+
1	804945	0	3	1_804945_804946_+
1	804992	0	4	1_804992_804993_+
1	804999	0	8	1_804999_805000_+
1	805158	0	2	1_805158_805159_+
1	805199	0	1	1_805199_805200_+
1	805201	0	3	1_805201_805202_+
1	805228	0	3	1_805228_805229_+
1	805230	0	4	1_805230_805231_+
1	805244	0	2	1_805244_805245_+
1	805246	0	2	1_805246_805247_+
1	805252	0	4	1_805252_805253_+
1	805273	0	4	1_805273_805274_+
1	805281	0	3	1_805281_805282_+
1	805283	0	2	1_805283_805284_+
1	805295	0	1	1_805295_805296_+
1	805341	0	1	1_805341_805342_+
1	805352	0	3	1_805352_805353_+
1	805377	0	2	1_805377_805378_+
1	805382	0	3	1_805382_805383_+
1	805403	0	3	1_805403_805404_+
1	805411	0	4	1_805411_805412_+
1	805428	0	3	1_805428_805429_+
1	805434	0	1	1_805434_805435_+
1	805436	0	2	1_805436_805437_+
1	805444	0	3	1_805444_805445_+
1	805449	0	2	1_805449_805450_+
1	805467	0	5	1_805467_805468_+
1	805474	0	3	1_805474_805475_+
1	805477	0	3	1_805477_805478_+
1	805479	0	2	1_805479_805480_+
1	805484	0	2	1_805484_805485_+
1	805500	0	2	1_805500_805501_+
1	805519	0	6	1_805519_805520_+
1	805522	0	5	1_805522_805523_+
1	805538	0	1	1_805538_805539_+
1	805541	0	1	1_805541_805542_+
1	805554	0	3	1_805554_805555_+
1	805573	0	3	1_805573_805574_+
1	805604	1	7	1_805604_805605_+
1	805606	1	6	1_805606_805607_+
1	805616	1	5	1_805616_805617_+
1	805627	0	6	1_805627_805628_+
1	805746	0	1	1_805746_805747_+
1	805786	0	5	1_805786_805787_+
1	805942	0	1	1_805942_805943_+
1	806051	0	2	1_806051_806052_+
1	806120	0	3	1_806120_806121_+
1	806231	0	5	1_806231_806232_+
1	808468	0	1	1_808468_808469_+
1	808562	0	2	1_808562_808563_+
1	808584	0	2	1_808584_808585_+
1	808748	1	5	1_808748_808749_+
1	808946	0	3	1_808946_808947_+
1	809006	0	2	1_809006_809007_+
1	809145	0	1	1_809145_809146_+
1	809352	0	2	1_809352_809353_+
1	809450	0	2	1_809450_809451_+
1	809509	1	2	1_809509_809510_+
1	809590	0	1	1_809590_809591_+
1	809594	0	1	1_809594_809595_+
1	809642	0	1	1_809642_809643_+
1	810095	0	1	1_810095_810096_+
1	810599	0	5	1_810599_810600_+
1	810603	1	5	1_810603_810604_+
1	811025	0	3	1_811025_811026_+
1	811166	0	8	1_811166_811167_+
1	811279	0	4	1_811279_811280_+
1	811285	0	5	1_811285_811286_+
1	811295	0	2	1_811295_811296_+
1	811348	0	1	1_811348_811349_+
1	811465	0	1	1_811465_811466_+
1	811532	0	1	1_811532_811533_+
1	811745	0	3	1_811745_811746_+
1	811759	1	6	1_811759_811760_+
1	811775	1	4	1_811775_811776_+
1	812350	0	5	1_812350_812351_+
1	812539	0	3	1_812539_812540_+
1	812640	0	4	1_812640_812641_+
1	813956	0	3	1_813956_813957_+
1	814048	1	3	1_814048_814049_+
1	814887	0	3	1_814887_814888_+
1	814896	0	7	1_814896_814897_+
