#chrom	genomicpos	deaminated	total	bedcoord
1	10471	0	3	1_10471_10472_+
1	10484	1	4	1_10484_10485_+
1	10497	1	5	1_10497_10498_+
1	10525	0	5	1_10525_10526_+
1	10563	1	3	1_10563_10564_+
1	10571	1	3	1_10571_10572_+
1	10577	0	3	1_10577_10578_+
1	10589	0	2	1_10589_10590_+
1	17378	0	1	1_17378_17379_+
1	17478	0	9	1_17478_17479_+
1	17483	0	9	1_17483_17484_+
1	17492	0	9	1_17492_17493_+
1	17584	0	2	1_17584_17585_+
1	51969	0	1	1_51969_51970_+
1	51975	0	2	1_51975_51976_+
1	62082	0	2	1_62082_62083_+
1	62277	0	1	1_62277_62278_+
1	67183	0	1	1_67183_67184_+
1	69558	0	1	1_69558_69559_+
1	69591	0	1	1_69591_69592_+
1	73228	0	1	1_73228_73229_+
1	88456	0	1	1_88456_88457_+
1	91267	0	1	1_91267_91268_+
1	102988	0	1	1_102988_102989_+
1	133145	0	1	1_133145_133146_+
1	133180	0	1	1_133180_133181_+
1	135125	0	1	1_135125_135126_+
1	135178	0	3	1_135178_135179_+
1	135207	0	2	1_135207_135208_+
1	135217	0	5	1_135217_135218_+
1	135232	0	1	1_135232_135233_+
1	135252	0	1	1_135252_135253_+
1	135281	0	1	1_135281_135282_+
1	136376	0	1	1_136376_136377_+
1	136506	0	1	1_136506_136507_+
1	136520	0	1	1_136520_136521_+
1	136522	0	1	1_136522_136523_+
1	136583	0	1	1_136583_136584_+
1	136766	0	1	1_136766_136767_+
1	136778	0	1	1_136778_136779_+
1	136815	0	1	1_136815_136816_+
1	136827	0	1	1_136827_136828_+
1	136911	0	2	1_136911_136912_+
1	136925	0	2	1_136925_136926_+
1	139073	0	1	1_139073_139074_+
1	229621	0	2	1_229621_229622_+
1	230018	0	1	1_230018_230019_+
1	233450	0	1	1_233450_233451_+
1	235122	0	1	1_235122_235123_+
1	241193	0	2	1_241193_241194_+
1	241225	0	1	1_241225_241226_+
1	245480	0	1	1_245480_245481_+
1	255896	0	1	1_255896_255897_+
1	414113	0	1	1_414113_414114_+
1	414115	0	1	1_414115_414116_+
1	526061	0	1	1_526061_526062_+
1	526110	0	1	1_526110_526111_+
1	526114	0	1	1_526114_526115_+
1	526714	0	1	1_526714_526715_+
1	526763	0	1	1_526763_526764_+
1	532017	0	1	1_532017_532018_+
1	533234	0	1	1_533234_533235_+
1	533243	0	1	1_533243_533244_+
1	534144	0	1	1_534144_534145_+
1	534190	0	2	1_534190_534191_+
1	537528	0	1	1_537528_537529_+
1	540750	0	1	1_540750_540751_+
1	540800	0	1	1_540800_540801_+
1	540825	0	1	1_540825_540826_+
1	540827	0	1	1_540827_540828_+
1	540920	0	1	1_540920_540921_+
1	546954	0	1	1_546954_546955_+
1	564471	0	1	1_564471_564472_+
1	565397	0	1	1_565397_565398_+
1	567348	0	1	1_567348_567349_+
1	567501	0	1	1_567501_567502_+
1	568409	0	1	1_568409_568410_+
1	568460	0	1	1_568460_568461_+
1	568469	0	1	1_568469_568470_+
1	569271	0	1	1_569271_569272_+
1	571899	1	1	1_571899_571900_+
1	637725	0	2	1_637725_637726_+
1	637754	0	1	1_637754_637755_+
1	655988	0	1	1_655988_655989_+
1	656074	0	1	1_656074_656075_+
1	662581	0	1	1_662581_662582_+
1	662645	0	1	1_662645_662646_+
1	700490	1	3	1_700490_700491_+
1	701988	0	1	1_701988_701989_+
1	704315	0	1	1_704315_704316_+
1	705761	0	1	1_705761_705762_+
1	705907	0	1	1_705907_705908_+
1	710190	0	2	1_710190_710191_+
1	710583	0	4	1_710583_710584_+
1	712545	0	5	1_712545_712546_+
1	712987	0	2	1_712987_712988_+
1	712995	0	1	1_712995_712996_+
1	713113	0	2	1_713113_713114_+
1	713200	0	1	1_713200_713201_+
1	713205	0	2	1_713205_713206_+
1	713252	0	5	1_713252_713253_+
1	713293	0	6	1_713293_713294_+
1	713305	0	1	1_713305_713306_+
1	713317	1	2	1_713317_713318_+
1	713388	0	5	1_713388_713389_+
1	713400	0	3	1_713400_713401_+
1	713543	0	1	1_713543_713544_+
1	713548	0	2	1_713548_713549_+
1	714071	0	1	1_714071_714072_+
1	714076	1	2	1_714076_714077_+
1	714083	0	1	1_714083_714084_+
1	714137	0	3	1_714137_714138_+
1	714139	0	3	1_714139_714140_+
1	714167	0	3	1_714167_714168_+
1	714169	0	2	1_714169_714170_+
1	714198	0	1	1_714198_714199_+
1	714202	0	1	1_714202_714203_+
1	714254	0	1	1_714254_714255_+
1	714261	0	1	1_714261_714262_+
1	714264	0	2	1_714264_714265_+
1	714292	0	2	1_714292_714293_+
1	714307	0	3	1_714307_714308_+
1	714313	0	3	1_714313_714314_+
1	714317	0	2	1_714317_714318_+
1	714510	0	1	1_714510_714511_+
1	714532	0	1	1_714532_714533_+
1	714546	0	2	1_714546_714547_+
1	714565	0	3	1_714565_714566_+
1	714660	0	3	1_714660_714661_+
1	715041	0	1	1_715041_715042_+
1	715083	0	1	1_715083_715084_+
1	715110	0	2	1_715110_715111_+
1	715121	0	2	1_715121_715122_+
1	715250	0	4	1_715250_715251_+
1	715277	0	4	1_715277_715278_+
1	715283	0	5	1_715283_715284_+
1	715389	0	5	1_715389_715390_+
1	715391	1	6	1_715391_715392_+
1	715414	0	4	1_715414_715415_+
1	715449	0	2	1_715449_715450_+
1	717601	0	2	1_717601_717602_+
1	718572	1	2	1_718572_718573_+
1	720695	0	1	1_720695_720696_+
1	723701	0	1	1_723701_723702_+
1	723837	0	1	1_723837_723838_+
1	724240	0	7	1_724240_724241_+
1	724246	0	3	1_724246_724247_+
1	724260	0	9	1_724260_724261_+
1	724710	0	1	1_724710_724711_+
1	724806	0	4	1_724806_724807_+
1	725871	0	1	1_725871_725872_+
1	726570	0	3	1_726570_726571_+
1	726605	0	1	1_726605_726606_+
1	726734	0	5	1_726734_726735_+
1	727204	0	3	1_727204_727205_+
1	728923	0	1	1_728923_728924_+
1	730453	0	1	1_730453_730454_+
1	732173	0	1	1_732173_732174_+
1	734327	0	3	1_734327_734328_+
1	736025	0	2	1_736025_736026_+
1	737832	0	1	1_737832_737833_+
1	738040	0	1	1_738040_738041_+
1	739545	0	1	1_739545_739546_+
1	740743	0	1	1_740743_740744_+
1	744595	0	1	1_744595_744596_+
1	747751	0	5	1_747751_747752_+
1	748508	0	1	1_748508_748509_+
1	752495	0	7	1_752495_752496_+
1	752673	0	1	1_752673_752674_+
1	752696	0	2	1_752696_752697_+
1	753358	0	1	1_753358_753359_+
1	753370	0	3	1_753370_753371_+
1	753376	1	2	1_753376_753377_+
1	753379	0	2	1_753379_753380_+
1	753666	0	2	1_753666_753667_+
1	754137	0	2	1_754137_754138_+
1	754153	0	7	1_754153_754154_+
1	754185	0	4	1_754185_754186_+
1	754739	0	2	1_754739_754740_+
1	754820	0	2	1_754820_754821_+
1	755209	0	2	1_755209_755210_+
1	755523	0	2	1_755523_755524_+
1	755728	0	5	1_755728_755729_+
1	755749	1	5	1_755749_755750_+
1	755798	0	1	1_755798_755799_+
1	755903	0	1	1_755903_755904_+
1	756395	0	6	1_756395_756396_+
1	756453	0	1	1_756453_756454_+
1	756518	0	2	1_756518_756519_+
1	756558	0	5	1_756558_756559_+
1	756640	0	2	1_756640_756641_+
1	756885	0	5	1_756885_756886_+
1	757039	0	2	1_757039_757040_+
1	757153	0	2	1_757153_757154_+
1	757199	0	3	1_757199_757200_+
1	757720	0	5	1_757720_757721_+
1	758163	1	4	1_758163_758164_+
1	758243	0	1	1_758243_758244_+
1	758350	0	1	1_758350_758351_+
1	758628	0	1	1_758628_758629_+
1	758829	0	4	1_758829_758830_+
1	758945	0	4	1_758945_758946_+
1	759844	0	1	1_759844_759845_+
1	760964	0	1	1_760964_760965_+
1	761370	0	2	1_761370_761371_+
1	762179	0	5	1_762179_762180_+
1	762232	0	2	1_762232_762233_+
1	762244	0	2	1_762244_762245_+
1	762865	0	1	1_762865_762866_+
1	762869	0	1	1_762869_762870_+
1	762891	0	2	1_762891_762892_+
1	762897	0	1	1_762897_762898_+
1	762972	0	1	1_762972_762973_+
1	762977	0	1	1_762977_762978_+
1	762982	0	1	1_762982_762983_+
1	762995	0	1	1_762995_762996_+
1	764633	0	1	1_764633_764634_+
1	765531	0	1	1_765531_765532_+
1	766328	0	1	1_766328_766329_+
1	766377	0	1	1_766377_766378_+
1	766880	0	2	1_766880_766881_+
1	766946	0	1	1_766946_766947_+
1	767097	0	1	1_767097_767098_+
1	767220	0	3	1_767220_767221_+
1	767493	0	1	1_767493_767494_+
1	767560	0	1	1_767560_767561_+
1	767605	0	1	1_767605_767606_+
1	768049	0	3	1_768049_768050_+
1	768086	0	3	1_768086_768087_+
1	769251	0	1	1_769251_769252_+
1	769271	0	2	1_769271_769272_+
1	769890	0	5	1_769890_769891_+
1	769893	2	5	1_769893_769894_+
1	769950	0	1	1_769950_769951_+
1	770368	0	1	1_770368_770369_+
1	770390	0	2	1_770390_770391_+
1	771076	0	1	1_771076_771077_+
1	772322	0	1	1_772322_772323_+
1	776270	0	1	1_776270_776271_+
1	776599	0	3	1_776599_776600_+
1	776861	0	1	1_776861_776862_+
1	777013	0	2	1_777013_777014_+
1	777241	0	1	1_777241_777242_+
1	777244	0	1	1_777244_777245_+
1	777287	0	2	1_777287_777288_+
1	778111	0	2	1_778111_778112_+
1	778148	0	2	1_778148_778149_+
1	778269	0	2	1_778269_778270_+
1	778272	0	1	1_778272_778273_+
1	778292	0	1	1_778292_778293_+
1	778330	0	2	1_778330_778331_+
1	778443	0	2	1_778443_778444_+
1	778777	0	1	1_778777_778778_+
1	778780	0	2	1_778780_778781_+
1	778871	0	1	1_778871_778872_+
1	779548	0	2	1_779548_779549_+
1	779552	0	2	1_779552_779553_+
1	779582	1	1	1_779582_779583_+
1	780086	0	1	1_780086_780087_+
1	780206	0	1	1_780206_780207_+
1	780893	0	1	1_780893_780894_+
1	782169	0	1	1_782169_782170_+
1	782245	0	2	1_782245_782246_+
1	782283	0	1	1_782283_782284_+
1	782862	0	3	1_782862_782863_+
1	783095	0	1	1_783095_783096_+
1	783128	0	1	1_783128_783129_+
1	783649	0	2	1_783649_783650_+
1	784177	0	1	1_784177_784178_+
1	784411	0	2	1_784411_784412_+
1	785059	0	1	1_785059_785060_+
1	785073	0	2	1_785073_785074_+
1	785223	0	3	1_785223_785224_+
1	785592	0	1	1_785592_785593_+
1	785628	0	2	1_785628_785629_+
1	785635	0	1	1_785635_785636_+
1	785802	0	2	1_785802_785803_+
1	786887	0	1	1_786887_786888_+
1	786896	0	1	1_786896_786897_+
1	788365	0	3	1_788365_788366_+
1	788373	0	4	1_788373_788374_+
1	788435	0	2	1_788435_788436_+
1	788491	0	1	1_788491_788492_+
1	788503	0	1	1_788503_788504_+
1	788531	0	4	1_788531_788532_+
1	788533	0	4	1_788533_788534_+
1	789359	0	2	1_789359_789360_+
1	789876	0	4	1_789876_789877_+
1	789950	0	1	1_789950_789951_+
1	790025	0	3	1_790025_790026_+
1	790035	0	1	1_790035_790036_+
1	790109	0	4	1_790109_790110_+
1	790432	0	2	1_790432_790433_+
1	790463	0	3	1_790463_790464_+
1	790698	0	1	1_790698_790699_+
1	790748	0	1	1_790748_790749_+
1	791054	0	2	1_791054_791055_+
1	791753	0	2	1_791753_791754_+
1	791869	0	1	1_791869_791870_+
1	792126	0	7	1_792126_792127_+
1	792150	0	2	1_792150_792151_+
1	792185	0	1	1_792185_792186_+
1	792496	0	1	1_792496_792497_+
1	793920	0	1	1_793920_793921_+
1	793962	0	1	1_793962_793963_+
1	795036	0	2	1_795036_795037_+
1	795725	0	4	1_795725_795726_+
1	796076	0	1	1_796076_796077_+
1	796128	0	1	1_796128_796129_+
1	796162	0	1	1_796162_796163_+
1	796203	1	2	1_796203_796204_+
1	796328	0	3	1_796328_796329_+
1	797785	0	3	1_797785_797786_+
1	799187	0	1	1_799187_799188_+
1	799419	0	1	1_799419_799420_+
1	799730	0	2	1_799730_799731_+
1	801122	0	1	1_801122_801123_+
1	801290	0	1	1_801290_801291_+
1	801595	1	4	1_801595_801596_+
1	801616	1	3	1_801616_801617_+
1	801819	0	1	1_801819_801820_+
1	801850	0	4	1_801850_801851_+
1	801868	0	4	1_801868_801869_+
1	801875	1	3	1_801875_801876_+
1	801896	0	4	1_801896_801897_+
1	801916	0	1	1_801916_801917_+
1	802386	0	1	1_802386_802387_+
1	802523	0	1	1_802523_802524_+
1	802533	0	3	1_802533_802534_+
1	802922	0	1	1_802922_802923_+
1	804432	0	2	1_804432_804433_+
1	804945	0	2	1_804945_804946_+
1	804992	0	3	1_804992_804993_+
1	804999	0	4	1_804999_805000_+
1	805102	0	1	1_805102_805103_+
1	805158	0	3	1_805158_805159_+
1	805199	0	3	1_805199_805200_+
1	805201	0	3	1_805201_805202_+
1	805214	0	5	1_805214_805215_+
1	805228	0	5	1_805228_805229_+
1	805230	0	6	1_805230_805231_+
1	805244	0	1	1_805244_805245_+
1	805246	0	2	1_805246_805247_+
1	805252	0	1	1_805252_805253_+
1	805289	0	1	1_805289_805290_+
1	805295	0	1	1_805295_805296_+
1	805327	0	1	1_805327_805328_+
1	805341	0	2	1_805341_805342_+
1	805352	0	2	1_805352_805353_+
1	805377	0	2	1_805377_805378_+
1	805382	0	2	1_805382_805383_+
1	805403	0	2	1_805403_805404_+
1	805411	0	1	1_805411_805412_+
1	805428	0	5	1_805428_805429_+
1	805434	0	5	1_805434_805435_+
1	805436	0	7	1_805436_805437_+
1	805444	0	5	1_805444_805445_+
1	805449	0	7	1_805449_805450_+
1	805467	0	7	1_805467_805468_+
1	805474	0	7	1_805474_805475_+
1	805477	0	9	1_805477_805478_+
1	805479	0	6	1_805479_805480_+
1	805484	0	6	1_805484_805485_+
1	805500	0	2	1_805500_805501_+
1	805519	0	4	1_805519_805520_+
1	805522	0	3	1_805522_805523_+
1	805538	0	4	1_805538_805539_+
1	805541	0	2	1_805541_805542_+
1	805554	0	2	1_805554_805555_+
1	805573	0	2	1_805573_805574_+
1	805604	0	1	1_805604_805605_+
1	805606	0	1	1_805606_805607_+
1	805616	0	3	1_805616_805617_+
1	805627	0	3	1_805627_805628_+
1	805746	0	2	1_805746_805747_+
1	805786	0	1	1_805786_805787_+
1	805942	0	1	1_805942_805943_+
1	806051	0	1	1_806051_806052_+
1	806231	0	1	1_806231_806232_+
1	807409	0	1	1_807409_807410_+
1	808562	0	2	1_808562_808563_+
1	808584	0	1	1_808584_808585_+
1	808748	1	7	1_808748_808749_+
1	808946	0	1	1_808946_808947_+
1	809006	0	1	1_809006_809007_+
1	809352	0	1	1_809352_809353_+
1	809450	0	4	1_809450_809451_+
1	809642	0	1	1_809642_809643_+
1	810095	0	1	1_810095_810096_+
1	810599	1	4	1_810599_810600_+
1	810603	0	3	1_810603_810604_+
1	811025	0	1	1_811025_811026_+
1	811166	0	3	1_811166_811167_+
1	811279	0	1	1_811279_811280_+
1	811285	0	3	1_811285_811286_+
1	811295	0	3	1_811295_811296_+
1	811348	0	3	1_811348_811349_+
1	811745	0	14	1_811745_811746_+
1	811759	0	9	1_811759_811760_+
1	811775	0	8	1_811775_811776_+
1	812350	0	5	1_812350_812351_+
1	812539	0	3	1_812539_812540_+
1	812640	0	1	1_812640_812641_+
1	813956	0	1	1_813956_813957_+
1	814887	0	5	1_814887_814888_+
1	814896	0	4	1_814896_814897_+
1	814913	0	2	1_814913_814914_+
1	816074	0	2	1_816074_816075_+
1	818444	0	1	1_818444_818445_+
1	820609	0	1	1_820609_820610_+
1	820709	0	5	1_820709_820710_+
1	822553	0	1	1_822553_822554_+
1	824091	0	2	1_824091_824092_+
1	825735	0	3	1_825735_825736_+
1	825987	0	2	1_825987_825988_+
1	827204	0	2	1_827204_827205_+
1	827299	0	1	1_827299_827300_+
1	828424	0	6	1_828424_828425_+
1	828846	0	4	1_828846_828847_+
1	829301	0	1	1_829301_829302_+
1	829660	0	1	1_829660_829661_+
1	829665	0	1	1_829665_829666_+
1	829787	0	2	1_829787_829788_+
1	830533	0	2	1_830533_830534_+
1	831537	0	1	1_831537_831538_+
1	832479	1	4	1_832479_832480_+
1	832619	0	1	1_832619_832620_+
1	832830	0	2	1_832830_832831_+
1	833166	0	3	1_833166_833167_+
1	833196	0	3	1_833196_833197_+
1	833297	0	1	1_833297_833298_+
1	833347	0	1	1_833347_833348_+
1	833446	0	1	1_833446_833447_+
1	833536	0	3	1_833536_833537_+
1	833555	0	2	1_833555_833556_+
1	833565	0	3	1_833565_833566_+
1	833572	0	4	1_833572_833573_+
1	833593	0	1	1_833593_833594_+
1	833786	0	1	1_833786_833787_+
1	833806	0	1	1_833806_833807_+
1	833868	0	2	1_833868_833869_+
1	833896	0	2	1_833896_833897_+
1	833906	0	2	1_833906_833907_+
1	833923	0	2	1_833923_833924_+
1	833972	0	1	1_833972_833973_+
1	834183	0	3	1_834183_834184_+
1	834247	0	9	1_834247_834248_+
1	834259	0	6	1_834259_834260_+
1	834276	0	3	1_834276_834277_+
1	834295	0	1	1_834295_834296_+
1	834330	0	5	1_834330_834331_+
1	834338	1	4	1_834338_834339_+
1	834356	0	3	1_834356_834357_+
1	834358	0	3	1_834358_834359_+
1	834467	0	1	1_834467_834468_+
1	834697	0	2	1_834697_834698_+
1	834703	0	1	1_834703_834704_+
1	834767	0	2	1_834767_834768_+
1	834795	0	2	1_834795_834796_+
1	834914	0	5	1_834914_834915_+
1	834978	0	3	1_834978_834979_+
1	835124	0	2	1_835124_835125_+
1	835444	0	5	1_835444_835445_+
1	835736	0	7	1_835736_835737_+
1	835766	0	5	1_835766_835767_+
1	835923	0	4	1_835923_835924_+
1	836217	0	1	1_836217_836218_+
1	836295	0	4	1_836295_836296_+
1	836472	0	2	1_836472_836473_+
1	836518	0	7	1_836518_836519_+
1	836536	0	4	1_836536_836537_+
1	836578	0	1	1_836578_836579_+
1	836805	0	4	1_836805_836806_+
1	836872	0	3	1_836872_836873_+
1	836997	0	2	1_836997_836998_+
1	837042	0	6	1_837042_837043_+
1	837234	0	4	1_837234_837235_+
1	837541	0	4	1_837541_837542_+
1	837603	0	1	1_837603_837604_+
1	837616	0	1	1_837616_837617_+
1	837639	0	3	1_837639_837640_+
1	837717	0	3	1_837717_837718_+
1	837736	0	8	1_837736_837737_+
1	837852	0	2	1_837852_837853_+
1	837885	0	3	1_837885_837886_+
1	837891	0	3	1_837891_837892_+
1	837929	0	1	1_837929_837930_+
1	838049	0	1	1_838049_838050_+
1	838078	0	2	1_838078_838079_+
1	838085	0	1	1_838085_838086_+
1	838275	0	6	1_838275_838276_+
1	838285	0	3	1_838285_838286_+
1	838295	0	2	1_838295_838296_+
1	838302	0	4	1_838302_838303_+
1	838308	0	7	1_838308_838309_+
1	838349	0	1	1_838349_838350_+
1	838352	0	1	1_838352_838353_+
1	838361	0	1	1_838361_838362_+
1	838368	0	2	1_838368_838369_+
