#chrom	genomicpos	deaminated	total	bedcoord
1	10471	0	3	1_10471_10472_+
1	10484	0	3	1_10484_10485_+
1	10497	0	4	1_10497_10498_+
1	10525	0	7	1_10525_10526_+
1	10563	0	6	1_10563_10564_+
1	10571	0	2	1_10571_10572_+
1	10577	0	2	1_10577_10578_+
1	10589	0	3	1_10589_10590_+
1	10816	0	1	1_10816_10817_+
1	10853	0	1	1_10853_10854_+
1	10855	0	1	1_10855_10856_+
1	10858	0	1	1_10858_10859_+
1	10861	0	1	1_10861_10862_+
1	14954	0	1	1_14954_14955_+
1	15004	0	2	1_15004_15005_+
1	15513	0	1	1_15513_15514_+
1	15526	0	2	1_15526_15527_+
1	15749	0	1	1_15749_15750_+
1	16243	0	1	1_16243_16244_+
1	17378	0	1	1_17378_17379_+
1	17478	0	7	1_17478_17479_+
1	17483	0	5	1_17483_17484_+
1	17492	0	9	1_17492_17493_+
1	17562	0	1	1_17562_17563_+
1	51458	0	2	1_51458_51459_+
1	51728	0	1	1_51728_51729_+
1	51734	0	1	1_51734_51735_+
1	51738	0	1	1_51738_51739_+
1	51851	0	1	1_51851_51852_+
1	51859	0	1	1_51859_51860_+
1	52244	0	1	1_52244_52245_+
1	55885	0	2	1_55885_55886_+
1	61954	0	2	1_61954_61955_+
1	62420	0	1	1_62420_62421_+
1	76132	0	1	1_76132_76133_+
1	79077	0	1	1_79077_79078_+
1	87723	0	2	1_87723_87724_+
1	89518	0	1	1_89518_89519_+
1	94860	0	1	1_94860_94861_+
1	102827	0	1	1_102827_102828_+
1	109105	0	1	1_109105_109106_+
1	111533	1	1	1_111533_111534_+
1	129556	0	1	1_129556_129557_+
1	133145	0	1	1_133145_133146_+
1	135178	0	3	1_135178_135179_+
1	135207	1	3	1_135207_135208_+
1	135217	0	1	1_135217_135218_+
1	135232	0	1	1_135232_135233_+
1	135252	0	1	1_135252_135253_+
1	136534	0	1	1_136534_136535_+
1	136618	0	1	1_136618_136619_+
1	136620	0	1	1_136620_136621_+
1	136718	0	2	1_136718_136719_+
1	136730	0	1	1_136730_136731_+
1	136778	0	1	1_136778_136779_+
1	136797	0	2	1_136797_136798_+
1	136815	0	1	1_136815_136816_+
1	136911	0	3	1_136911_136912_+
1	136925	0	2	1_136925_136926_+
1	139073	0	1	1_139073_139074_+
1	164087	0	1	1_164087_164088_+
1	229621	0	1	1_229621_229622_+
1	229661	0	2	1_229661_229662_+
1	229665	0	1	1_229665_229666_+
1	229905	0	1	1_229905_229906_+
1	230018	0	2	1_230018_230019_+
1	233450	0	1	1_233450_233451_+
1	235774	0	2	1_235774_235775_+
1	236266	0	2	1_236266_236267_+
1	237788	0	2	1_237788_237789_+
1	238011	0	1	1_238011_238012_+
1	241193	0	1	1_241193_241194_+
1	249272	0	1	1_249272_249273_+
1	249428	0	2	1_249428_249429_+
1	256460	0	1	1_256460_256461_+
1	257850	0	1	1_257850_257851_+
1	267444	0	1	1_267444_267445_+
1	525463	0	1	1_525463_525464_+
1	525983	0	1	1_525983_525984_+
1	525990	0	1	1_525990_525991_+
1	526714	0	1	1_526714_526715_+
1	527988	0	1	1_527988_527989_+
1	528049	0	1	1_528049_528050_+
1	529690	0	1	1_529690_529691_+
1	529839	0	1	1_529839_529840_+
1	531856	0	1	1_531856_531857_+
1	531862	0	1	1_531862_531863_+
1	532017	0	1	1_532017_532018_+
1	532119	0	1	1_532119_532120_+
1	534190	0	2	1_534190_534191_+
1	534326	0	1	1_534326_534327_+
1	534329	0	1	1_534329_534330_+
1	540710	0	2	1_540710_540711_+
1	540750	0	2	1_540750_540751_+
1	540800	0	4	1_540800_540801_+
1	540808	0	2	1_540808_540809_+
1	540837	0	1	1_540837_540838_+
1	540839	0	1	1_540839_540840_+
1	540842	0	1	1_540842_540843_+
1	540855	0	2	1_540855_540856_+
1	540869	0	2	1_540869_540870_+
1	540873	0	2	1_540873_540874_+
1	540875	0	2	1_540875_540876_+
1	540877	0	3	1_540877_540878_+
1	540881	0	3	1_540881_540882_+
1	540886	0	2	1_540886_540887_+
1	540889	0	2	1_540889_540890_+
1	540897	0	1	1_540897_540898_+
1	540991	0	1	1_540991_540992_+
1	542789	0	1	1_542789_542790_+
1	544678	0	1	1_544678_544679_+
1	544718	0	1	1_544718_544719_+
1	544811	0	1	1_544811_544812_+
1	544820	0	1	1_544820_544821_+
1	546023	0	2	1_546023_546024_+
1	546027	0	1	1_546027_546028_+
1	546179	0	1	1_546179_546180_+
1	553847	0	1	1_553847_553848_+
1	553853	0	1	1_553853_553854_+
1	562049	1	1	1_562049_562050_+
1	562251	0	1	1_562251_562252_+
1	564471	0	1	1_564471_564472_+
1	564501	0	2	1_564501_564502_+
1	564516	0	1	1_564516_564517_+
1	564600	0	1	1_564600_564601_+
1	564676	0	1	1_564676_564677_+
1	564895	0	1	1_564895_564896_+
1	564976	0	1	1_564976_564977_+
1	565397	0	1	1_565397_565398_+
1	565603	0	1	1_565603_565604_+
1	566287	0	1	1_566287_566288_+
1	566340	0	1	1_566340_566341_+
1	566519	0	1	1_566519_566520_+
1	566813	0	1	1_566813_566814_+
1	567206	0	2	1_567206_567207_+
1	567312	0	1	1_567312_567313_+
1	567426	0	2	1_567426_567427_+
1	567438	0	1	1_567438_567439_+
1	567501	0	1	1_567501_567502_+
1	567756	0	1	1_567756_567757_+
1	567776	0	3	1_567776_567777_+
1	567892	0	1	1_567892_567893_+
1	568380	0	1	1_568380_568381_+
1	568400	0	2	1_568400_568401_+
1	568409	0	4	1_568409_568410_+
1	568460	0	1	1_568460_568461_+
1	568469	0	4	1_568469_568470_+
1	568475	0	3	1_568475_568476_+
1	568547	0	2	1_568547_568548_+
1	568557	0	2	1_568557_568558_+
1	568668	0	1	1_568668_568669_+
1	569081	0	1	1_569081_569082_+
1	569129	0	1	1_569129_569130_+
1	569271	0	2	1_569271_569272_+
1	569408	0	1	1_569408_569409_+
1	569842	0	1	1_569842_569843_+
1	571713	0	2	1_571713_571714_+
1	571742	0	1	1_571742_571743_+
1	571943	0	1	1_571943_571944_+
1	573063	0	1	1_573063_573064_+
1	582517	0	1	1_582517_582518_+
1	586348	0	1	1_586348_586349_+
1	592317	0	2	1_592317_592318_+
1	601470	0	1	1_601470_601471_+
1	602144	0	1	1_602144_602145_+
1	604718	0	1	1_604718_604719_+
1	612236	0	1	1_612236_612237_+
1	626233	0	1	1_626233_626234_+
1	636747	1	5	1_636747_636748_+
1	655988	0	1	1_655988_655989_+
1	656074	0	1	1_656074_656075_+
1	662609	0	1	1_662609_662610_+
1	662645	0	2	1_662645_662646_+
1	662842	0	1	1_662842_662843_+
1	662846	0	1	1_662846_662847_+
1	662848	0	1	1_662848_662849_+
1	674325	0	1	1_674325_674326_+
1	688239	0	1	1_688239_688240_+
1	700075	0	1	1_700075_700076_+
1	704315	0	2	1_704315_704316_+
1	705340	0	1	1_705340_705341_+
1	707095	0	2	1_707095_707096_+
1	708749	0	1	1_708749_708750_+
1	708818	0	1	1_708818_708819_+
1	708956	0	1	1_708956_708957_+
1	710354	0	1	1_710354_710355_+
1	710583	0	2	1_710583_710584_+
1	711204	1	1	1_711204_711205_+
1	711299	0	1	1_711299_711300_+
1	711705	0	1	1_711705_711706_+
1	712585	0	1	1_712585_712586_+
1	712987	0	2	1_712987_712988_+
1	713113	0	1	1_713113_713114_+
1	713200	0	1	1_713200_713201_+
1	713205	0	1	1_713205_713206_+
1	713305	0	4	1_713305_713306_+
1	713317	0	1	1_713317_713318_+
1	713388	0	5	1_713388_713389_+
1	713400	0	2	1_713400_713401_+
1	713447	0	4	1_713447_713448_+
1	713449	0	4	1_713449_713450_+
1	713453	0	4	1_713453_713454_+
1	713813	0	1	1_713813_713814_+
1	713818	0	1	1_713818_713819_+
1	713901	0	2	1_713901_713902_+
1	713985	0	2	1_713985_713986_+
1	714012	0	1	1_714012_714013_+
1	714021	0	1	1_714021_714022_+
1	714049	0	1	1_714049_714050_+
1	714052	0	1	1_714052_714053_+
1	714060	0	1	1_714060_714061_+
1	714071	0	2	1_714071_714072_+
1	714076	0	1	1_714076_714077_+
1	714096	0	1	1_714096_714097_+
1	714137	0	2	1_714137_714138_+
1	714139	0	2	1_714139_714140_+
1	714167	0	3	1_714167_714168_+
1	714169	0	2	1_714169_714170_+
1	714177	0	1	1_714177_714178_+
1	714239	0	3	1_714239_714240_+
1	714254	0	1	1_714254_714255_+
1	714258	0	3	1_714258_714259_+
1	714261	0	3	1_714261_714262_+
1	714264	0	4	1_714264_714265_+
1	714292	0	1	1_714292_714293_+
1	714300	0	3	1_714300_714301_+
1	714307	0	2	1_714307_714308_+
1	714313	0	2	1_714313_714314_+
1	714317	0	1	1_714317_714318_+
1	714338	0	1	1_714338_714339_+
1	714348	0	1	1_714348_714349_+
1	714353	0	1	1_714353_714354_+
1	714355	0	1	1_714355_714356_+
1	714362	0	1	1_714362_714363_+
1	714366	0	2	1_714366_714367_+
1	714376	0	3	1_714376_714377_+
1	714490	0	1	1_714490_714491_+
1	714532	0	1	1_714532_714533_+
1	714546	0	1	1_714546_714547_+
1	714715	0	1	1_714715_714716_+
1	714723	0	1	1_714723_714724_+
1	714858	0	1	1_714858_714859_+
1	715035	0	1	1_715035_715036_+
1	715041	0	1	1_715041_715042_+
1	715110	0	2	1_715110_715111_+
1	715250	0	1	1_715250_715251_+
1	715277	0	2	1_715277_715278_+
1	715283	0	2	1_715283_715284_+
1	715389	0	1	1_715389_715390_+
1	715391	0	1	1_715391_715392_+
1	715414	0	1	1_715414_715415_+
1	715433	0	1	1_715433_715434_+
1	715449	0	1	1_715449_715450_+
1	717601	0	4	1_717601_717602_+
1	721427	0	1	1_721427_721428_+
1	722901	0	1	1_722901_722902_+
1	723701	0	1	1_723701_723702_+
1	724240	0	1	1_724240_724241_+
1	724246	0	3	1_724246_724247_+
1	724260	0	4	1_724260_724261_+
1	724710	0	3	1_724710_724711_+
1	725040	0	2	1_725040_725041_+
1	725056	0	1	1_725056_725057_+
1	725346	0	2	1_725346_725347_+
1	725871	0	4	1_725871_725872_+
1	725986	0	1	1_725986_725987_+
1	726540	0	1	1_726540_726541_+
1	726570	0	3	1_726570_726571_+
1	726605	0	2	1_726605_726606_+
1	726904	0	1	1_726904_726905_+
1	727204	0	2	1_727204_727205_+
1	728923	0	2	1_728923_728924_+
1	729339	0	1	1_729339_729340_+
1	729720	0	3	1_729720_729721_+
1	729888	0	1	1_729888_729889_+
1	730453	0	1	1_730453_730454_+
1	730546	0	1	1_730546_730547_+
1	731292	0	1	1_731292_731293_+
1	731827	0	1	1_731827_731828_+
1	732127	0	3	1_732127_732128_+
1	732198	0	1	1_732198_732199_+
1	733715	0	1	1_733715_733716_+
1	734133	0	1	1_734133_734134_+
1	736025	0	1	1_736025_736026_+
1	736073	0	1	1_736073_736074_+
1	738632	0	1	1_738632_738633_+
1	739377	0	1	1_739377_739378_+
1	739682	0	1	1_739682_739683_+
1	739686	0	1	1_739686_739687_+
1	740229	0	1	1_740229_740230_+
1	741201	0	1	1_741201_741202_+
1	741828	0	1	1_741828_741829_+
1	742317	0	1	1_742317_742318_+
1	742369	0	1	1_742369_742370_+
1	744820	0	1	1_744820_744821_+
1	746796	0	1	1_746796_746797_+
1	747751	0	3	1_747751_747752_+
1	748085	0	1	1_748085_748086_+
1	748480	0	1	1_748480_748481_+
1	748508	0	1	1_748508_748509_+
1	750082	0	1	1_750082_750083_+
1	750193	0	1	1_750193_750194_+
1	750261	0	1	1_750261_750262_+
1	751772	0	1	1_751772_751773_+
1	752454	0	3	1_752454_752455_+
1	752495	0	1	1_752495_752496_+
1	752673	0	1	1_752673_752674_+
1	752747	0	2	1_752747_752748_+
1	753358	0	1	1_753358_753359_+
1	753370	0	1	1_753370_753371_+
1	753376	0	3	1_753376_753377_+
1	753379	0	2	1_753379_753380_+
1	753478	0	1	1_753478_753479_+
1	753491	0	1	1_753491_753492_+
1	753666	0	1	1_753666_753667_+
1	753762	0	1	1_753762_753763_+
1	754137	0	2	1_754137_754138_+
1	754153	0	4	1_754153_754154_+
1	754185	0	4	1_754185_754186_+
1	754739	0	4	1_754739_754740_+
1	754820	0	2	1_754820_754821_+
1	755209	0	1	1_755209_755210_+
1	755523	0	1	1_755523_755524_+
1	755728	0	3	1_755728_755729_+
1	755798	0	3	1_755798_755799_+
1	756518	0	2	1_756518_756519_+
1	756558	0	2	1_756558_756559_+
1	756640	0	3	1_756640_756641_+
1	756885	1	4	1_756885_756886_+
1	757153	0	3	1_757153_757154_+
1	757199	0	2	1_757199_757200_+
1	758163	0	1	1_758163_758164_+
1	758243	0	1	1_758243_758244_+
1	758350	0	1	1_758350_758351_+
1	758628	0	1	1_758628_758629_+
1	758829	0	3	1_758829_758830_+
1	758945	0	1	1_758945_758946_+
1	760964	0	2	1_760964_760965_+
1	761298	0	1	1_761298_761299_+
1	762113	0	1	1_762113_762114_+
1	762179	0	1	1_762179_762180_+
1	762232	0	1	1_762232_762233_+
1	762279	0	1	1_762279_762280_+
1	762323	0	1	1_762323_762324_+
1	762417	0	1	1_762417_762418_+
1	762574	0	1	1_762574_762575_+
1	762594	0	1	1_762594_762595_+
1	762596	0	2	1_762596_762597_+
1	762598	0	2	1_762598_762599_+
1	762806	0	4	1_762806_762807_+
1	762809	0	4	1_762809_762810_+
1	762865	0	1	1_762865_762866_+
1	762882	0	1	1_762882_762883_+
1	762912	0	1	1_762912_762913_+
1	762915	0	1	1_762915_762916_+
1	762917	0	1	1_762917_762918_+
1	762919	0	1	1_762919_762920_+
1	762933	0	3	1_762933_762934_+
1	762937	0	3	1_762937_762938_+
1	762966	0	1	1_762966_762967_+
1	762972	0	1	1_762972_762973_+
1	762977	0	2	1_762977_762978_+
1	762982	0	2	1_762982_762983_+
1	762987	0	1	1_762987_762988_+
1	762995	0	2	1_762995_762996_+
1	763005	0	1	1_763005_763006_+
1	763814	0	1	1_763814_763815_+
1	764411	0	2	1_764411_764412_+
1	764421	0	2	1_764421_764422_+
1	764722	0	2	1_764722_764723_+
1	766328	1	1	1_766328_766329_+
1	766880	0	2	1_766880_766881_+
1	766946	0	2	1_766946_766947_+
1	767220	0	3	1_767220_767221_+
1	767493	0	2	1_767493_767494_+
1	767560	0	2	1_767560_767561_+
1	767605	0	1	1_767605_767606_+
1	767710	0	1	1_767710_767711_+
1	767864	0	1	1_767864_767865_+
1	768049	0	1	1_768049_768050_+
1	768086	0	2	1_768086_768087_+
1	768550	0	2	1_768550_768551_+
1	769054	0	2	1_769054_769055_+
1	769174	0	2	1_769174_769175_+
1	769251	0	3	1_769251_769252_+
1	769271	0	2	1_769271_769272_+
1	769630	0	2	1_769630_769631_+
1	769890	0	1	1_769890_769891_+
1	769893	0	2	1_769893_769894_+
1	769950	0	1	1_769950_769951_+
1	770368	0	1	1_770368_770369_+
1	770390	0	3	1_770390_770391_+
1	771741	0	2	1_771741_771742_+
1	772957	0	3	1_772957_772958_+
1	773936	0	3	1_773936_773937_+
1	775357	0	1	1_775357_775358_+
1	775674	0	1	1_775674_775675_+
1	776270	0	1	1_776270_776271_+
1	776599	0	3	1_776599_776600_+
1	776706	0	1	1_776706_776707_+
1	776861	0	1	1_776861_776862_+
1	776977	0	2	1_776977_776978_+
1	777013	0	1	1_777013_777014_+
1	777046	1	2	1_777046_777047_+
1	777241	0	2	1_777241_777242_+
1	777244	0	1	1_777244_777245_+
1	777287	0	1	1_777287_777288_+
1	778288	0	2	1_778288_778289_+
1	778292	0	3	1_778292_778293_+
1	778443	0	1	1_778443_778444_+
1	778600	0	1	1_778600_778601_+
1	778777	0	1	1_778777_778778_+
1	778780	0	1	1_778780_778781_+
1	778871	0	1	1_778871_778872_+
1	779077	0	1	1_779077_779078_+
1	779107	0	3	1_779107_779108_+
1	779548	0	4	1_779548_779549_+
1	779552	0	2	1_779552_779553_+
1	779582	0	2	1_779582_779583_+
1	780086	0	2	1_780086_780087_+
1	780878	0	3	1_780878_780879_+
1	780893	0	1	1_780893_780894_+
1	782169	0	2	1_782169_782170_+
1	782245	0	1	1_782245_782246_+
1	782283	0	1	1_782283_782284_+
1	782862	0	1	1_782862_782863_+
1	783005	0	5	1_783005_783006_+
1	783095	0	2	1_783095_783096_+
1	783128	0	1	1_783128_783129_+
1	783169	0	1	1_783169_783170_+
1	783649	0	1	1_783649_783650_+
1	784602	0	1	1_784602_784603_+
1	785223	0	3	1_785223_785224_+
1	785628	0	2	1_785628_785629_+
1	785702	0	2	1_785702_785703_+
1	785706	0	1	1_785706_785707_+
1	785802	0	1	1_785802_785803_+
1	786887	0	2	1_786887_786888_+
1	786896	0	2	1_786896_786897_+
1	787007	0	1	1_787007_787008_+
1	787643	0	1	1_787643_787644_+
1	788365	0	1	1_788365_788366_+
1	788373	0	1	1_788373_788374_+
1	788487	0	1	1_788487_788488_+
1	788503	0	3	1_788503_788504_+
1	788531	0	2	1_788531_788532_+
1	788533	0	3	1_788533_788534_+
1	788590	0	3	1_788590_788591_+
1	788916	0	1	1_788916_788917_+
1	789359	0	1	1_789359_789360_+
1	789876	0	4	1_789876_789877_+
1	789950	0	4	1_789950_789951_+
1	790025	0	1	1_790025_790026_+
1	790035	0	2	1_790035_790036_+
1	790399	0	1	1_790399_790400_+
1	790432	0	2	1_790432_790433_+
1	790623	0	1	1_790623_790624_+
1	790748	0	1	1_790748_790749_+
1	791054	1	2	1_791054_791055_+
1	791179	0	1	1_791179_791180_+
1	791753	0	1	1_791753_791754_+
1	792126	0	2	1_792126_792127_+
1	792150	0	2	1_792150_792151_+
1	792405	0	1	1_792405_792406_+
1	792496	0	2	1_792496_792497_+
1	792654	0	1	1_792654_792655_+
1	794033	0	1	1_794033_794034_+
1	794230	0	3	1_794230_794231_+
1	795036	0	6	1_795036_795037_+
1	795679	0	1	1_795679_795680_+
1	795725	0	1	1_795725_795726_+
1	796076	0	1	1_796076_796077_+
1	796162	0	1	1_796162_796163_+
1	796328	0	1	1_796328_796329_+
1	796361	0	1	1_796361_796362_+
1	796521	0	1	1_796521_796522_+
1	797785	0	2	1_797785_797786_+
1	799085	0	1	1_799085_799086_+
1	799187	0	1	1_799187_799188_+
1	799300	0	1	1_799300_799301_+
1	799550	0	3	1_799550_799551_+
1	799730	0	1	1_799730_799731_+
1	801090	0	1	1_801090_801091_+
1	801122	0	1	1_801122_801123_+
1	801190	0	3	1_801190_801191_+
1	801290	0	3	1_801290_801291_+
1	801616	0	1	1_801616_801617_+
1	801850	0	1	1_801850_801851_+
1	801875	0	3	1_801875_801876_+
1	801916	0	2	1_801916_801917_+
1	802270	0	1	1_802270_802271_+
1	802523	0	1	1_802523_802524_+
1	802533	0	2	1_802533_802534_+
1	802584	0	3	1_802584_802585_+
1	802922	1	1	1_802922_802923_+
1	803059	0	1	1_803059_803060_+
1	803428	0	1	1_803428_803429_+
1	803795	0	2	1_803795_803796_+
1	804912	0	2	1_804912_804913_+
