#chrom	genomicpos	deaminated	total	bedcoord
1	10471	0	3	1_10471_10472_+
1	10484	1	2	1_10484_10485_+
1	10497	0	3	1_10497_10498_+
1	10525	0	7	1_10525_10526_+
1	10563	0	1	1_10563_10564_+
1	10571	0	2	1_10571_10572_+
1	10577	0	5	1_10577_10578_+
1	10589	0	1	1_10589_10590_+
1	10609	0	2	1_10609_10610_+
1	17478	0	6	1_17478_17479_+
1	17483	0	4	1_17483_17484_+
1	17492	0	5	1_17492_17493_+
1	17562	0	1	1_17562_17563_+
1	52244	0	1	1_52244_52245_+
1	62082	0	2	1_62082_62083_+
1	77129	0	1	1_77129_77130_+
1	102988	0	2	1_102988_102989_+
1	104242	0	1	1_104242_104243_+
1	109105	0	1	1_109105_109106_+
1	129556	0	1	1_129556_129557_+
1	135207	0	1	1_135207_135208_+
1	135217	0	1	1_135217_135218_+
1	135252	0	1	1_135252_135253_+
1	135324	0	1	1_135324_135325_+
1	136944	0	1	1_136944_136945_+
1	233370	0	1	1_233370_233371_+
1	245455	0	1	1_245455_245456_+
1	257850	0	1	1_257850_257851_+
1	324768	1	4	1_324768_324769_+
1	324771	0	4	1_324771_324772_+
1	414113	0	1	1_414113_414114_+
1	414115	0	1	1_414115_414116_+
1	526061	0	1	1_526061_526062_+
1	526065	0	2	1_526065_526066_+
1	526135	0	1	1_526135_526136_+
1	526807	0	2	1_526807_526808_+
1	526986	0	2	1_526986_526987_+
1	527092	0	1	1_527092_527093_+
1	532119	0	1	1_532119_532120_+
1	533220	0	1	1_533220_533221_+
1	534329	0	1	1_534329_534330_+
1	534360	0	1	1_534360_534361_+
1	537528	0	1	1_537528_537529_+
1	538706	0	1	1_538706_538707_+
1	540643	0	1	1_540643_540644_+
1	540750	0	2	1_540750_540751_+
1	540808	0	2	1_540808_540809_+
1	540825	0	1	1_540825_540826_+
1	540827	0	1	1_540827_540828_+
1	540842	0	1	1_540842_540843_+
1	540855	0	1	1_540855_540856_+
1	546034	0	1	1_546034_546035_+
1	546036	0	1	1_546036_546037_+
1	546179	0	1	1_546179_546180_+
1	561935	0	1	1_561935_561936_+
1	562049	1	2	1_562049_562050_+
1	562212	0	1	1_562212_562213_+
1	564501	0	1	1_564501_564502_+
1	564895	0	2	1_564895_564896_+
1	564925	0	1	1_564925_564926_+
1	565262	0	1	1_565262_565263_+
1	565949	0	2	1_565949_565950_+
1	566172	0	1	1_566172_566173_+
1	566879	0	1	1_566879_566880_+
1	566995	0	1	1_566995_566996_+
1	567014	0	2	1_567014_567015_+
1	567113	0	1	1_567113_567114_+
1	567122	0	2	1_567122_567123_+
1	567167	0	1	1_567167_567168_+
1	567426	0	1	1_567426_567427_+
1	567438	0	1	1_567438_567439_+
1	567714	0	1	1_567714_567715_+
1	567769	0	1	1_567769_567770_+
1	567776	0	1	1_567776_567777_+
1	567892	0	1	1_567892_567893_+
1	568380	0	1	1_568380_568381_+
1	568400	0	2	1_568400_568401_+
1	568409	0	2	1_568409_568410_+
1	568460	0	1	1_568460_568461_+
1	568475	0	1	1_568475_568476_+
1	568547	0	1	1_568547_568548_+
1	568715	1	2	1_568715_568716_+
1	569081	0	1	1_569081_569082_+
1	569271	0	2	1_569271_569272_+
1	569408	0	1	1_569408_569409_+
1	569842	0	3	1_569842_569843_+
1	571713	0	1	1_571713_571714_+
1	571899	0	2	1_571899_571900_+
1	571943	0	1	1_571943_571944_+
1	581607	0	1	1_581607_581608_+
1	586134	0	1	1_586134_586135_+
1	586161	0	1	1_586161_586162_+
1	586218	0	2	1_586218_586219_+
1	586348	0	1	1_586348_586349_+
1	637641	0	1	1_637641_637642_+
1	637725	0	1	1_637725_637726_+
1	637754	0	1	1_637754_637755_+
1	666123	0	1	1_666123_666124_+
1	666132	0	1	1_666132_666133_+
1	668486	0	1	1_668486_668487_+
1	668491	0	1	1_668491_668492_+
1	669531	0	1	1_669531_669532_+
1	700468	0	2	1_700468_700469_+
1	700490	0	1	1_700490_700491_+
1	700602	0	2	1_700602_700603_+
1	701859	0	1	1_701859_701860_+
1	701927	0	1	1_701927_701928_+
1	704315	0	5	1_704315_704316_+
1	705751	0	1	1_705751_705752_+
1	705761	0	1	1_705761_705762_+
1	705870	0	4	1_705870_705871_+
1	705907	0	1	1_705907_705908_+
1	707095	0	1	1_707095_707096_+
1	708897	0	1	1_708897_708898_+
1	708921	0	2	1_708921_708922_+
1	709215	0	1	1_709215_709216_+
1	710099	0	2	1_710099_710100_+
1	710218	0	1	1_710218_710219_+
1	712545	0	1	1_712545_712546_+
1	712585	0	1	1_712585_712586_+
1	712739	0	1	1_712739_712740_+
1	712987	0	1	1_712987_712988_+
1	712995	0	2	1_712995_712996_+
1	713105	0	1	1_713105_713106_+
1	713113	0	1	1_713113_713114_+
1	713252	0	2	1_713252_713253_+
1	713293	0	2	1_713293_713294_+
1	713305	0	2	1_713305_713306_+
1	713317	0	2	1_713317_713318_+
1	713388	0	3	1_713388_713389_+
1	713400	0	3	1_713400_713401_+
1	713447	0	3	1_713447_713448_+
1	713449	0	3	1_713449_713450_+
1	713453	0	1	1_713453_713454_+
1	713481	0	1	1_713481_713482_+
1	713489	0	1	1_713489_713490_+
1	713901	0	1	1_713901_713902_+
1	713985	0	3	1_713985_713986_+
1	714012	0	2	1_714012_714013_+
1	714021	0	2	1_714021_714022_+
1	714049	0	1	1_714049_714050_+
1	714052	0	3	1_714052_714053_+
1	714060	0	3	1_714060_714061_+
1	714071	0	3	1_714071_714072_+
1	714076	0	3	1_714076_714077_+
1	714083	0	1	1_714083_714084_+
1	714096	0	3	1_714096_714097_+
1	714137	0	5	1_714137_714138_+
1	714139	0	5	1_714139_714140_+
1	714167	0	2	1_714167_714168_+
1	714169	0	2	1_714169_714170_+
1	714177	0	1	1_714177_714178_+
1	714202	0	1	1_714202_714203_+
1	714213	0	2	1_714213_714214_+
1	714254	0	1	1_714254_714255_+
1	714261	0	1	1_714261_714262_+
1	714264	0	2	1_714264_714265_+
1	714292	0	1	1_714292_714293_+
1	714300	0	2	1_714300_714301_+
1	714307	0	2	1_714307_714308_+
1	714317	0	1	1_714317_714318_+
1	714480	0	1	1_714480_714481_+
1	714490	0	1	1_714490_714491_+
1	714565	0	1	1_714565_714566_+
1	714723	0	1	1_714723_714724_+
1	715079	0	1	1_715079_715080_+
1	715110	0	1	1_715110_715111_+
1	715250	0	4	1_715250_715251_+
1	715277	0	3	1_715277_715278_+
1	715283	0	3	1_715283_715284_+
1	715389	1	3	1_715389_715390_+
1	715391	0	3	1_715391_715392_+
1	715449	0	2	1_715449_715450_+
1	716050	0	2	1_716050_716051_+
1	716058	0	2	1_716058_716059_+
1	716092	0	2	1_716092_716093_+
1	716378	0	1	1_716378_716379_+
1	717601	0	2	1_717601_717602_+
1	720695	0	2	1_720695_720696_+
1	721427	0	1	1_721427_721428_+
1	723701	0	1	1_723701_723702_+
1	723837	0	1	1_723837_723838_+
1	724240	0	5	1_724240_724241_+
1	724246	0	6	1_724246_724247_+
1	724260	0	2	1_724260_724261_+
1	724641	0	2	1_724641_724642_+
1	724710	0	3	1_724710_724711_+
1	724806	0	1	1_724806_724807_+
1	725040	0	3	1_725040_725041_+
1	725056	0	1	1_725056_725057_+
1	725346	0	4	1_725346_725347_+
1	725871	0	2	1_725871_725872_+
1	725986	0	1	1_725986_725987_+
1	726570	0	2	1_726570_726571_+
1	726605	0	1	1_726605_726606_+
1	726734	0	9	1_726734_726735_+
1	728290	0	2	1_728290_728291_+
1	729339	0	1	1_729339_729340_+
1	729720	0	2	1_729720_729721_+
1	729888	0	1	1_729888_729889_+
1	730453	0	1	1_730453_730454_+
1	731292	0	1	1_731292_731293_+
1	734327	0	2	1_734327_734328_+
1	736785	0	1	1_736785_736786_+
1	738040	0	1	1_738040_738041_+
1	740743	0	2	1_740743_740744_+
1	742234	0	3	1_742234_742235_+
1	742348	0	2	1_742348_742349_+
1	747751	0	4	1_747751_747752_+
1	748508	0	1	1_748508_748509_+
1	750022	0	1	1_750022_750023_+
1	750033	0	1	1_750033_750034_+
1	750082	0	2	1_750082_750083_+
1	752454	0	3	1_752454_752455_+
1	752495	0	3	1_752495_752496_+
1	752673	0	5	1_752673_752674_+
1	752696	0	2	1_752696_752697_+
1	752747	0	4	1_752747_752748_+
1	752805	0	1	1_752805_752806_+
1	753376	0	1	1_753376_753377_+
1	753379	0	1	1_753379_753380_+
1	753443	0	1	1_753443_753444_+
1	753491	0	1	1_753491_753492_+
1	753666	0	6	1_753666_753667_+
1	754137	0	1	1_754137_754138_+
1	754153	0	1	1_754153_754154_+
1	754244	0	1	1_754244_754245_+
1	754739	0	2	1_754739_754740_+
1	754820	0	1	1_754820_754821_+
1	754906	0	1	1_754906_754907_+
1	755209	0	1	1_755209_755210_+
1	755523	0	1	1_755523_755524_+
1	755728	0	4	1_755728_755729_+
1	755798	0	3	1_755798_755799_+
1	755903	0	2	1_755903_755904_+
1	756395	0	5	1_756395_756396_+
1	756453	0	4	1_756453_756454_+
1	756518	0	2	1_756518_756519_+
1	756558	0	2	1_756558_756559_+
1	756640	0	1	1_756640_756641_+
1	756885	0	2	1_756885_756886_+
1	757039	0	3	1_757039_757040_+
1	757153	0	3	1_757153_757154_+
1	757199	0	2	1_757199_757200_+
1	757720	0	2	1_757720_757721_+
1	758163	0	2	1_758163_758164_+
1	758243	0	1	1_758243_758244_+
1	758628	0	3	1_758628_758629_+
1	758829	0	2	1_758829_758830_+
1	758945	1	2	1_758945_758946_+
1	759844	0	2	1_759844_759845_+
1	761298	0	2	1_761298_761299_+
1	761370	0	3	1_761370_761371_+
1	762113	0	3	1_762113_762114_+
1	762179	0	1	1_762179_762180_+
1	762232	0	2	1_762232_762233_+
1	762244	0	2	1_762244_762245_+
1	762279	0	1	1_762279_762280_+
1	762719	0	1	1_762719_762720_+
1	762723	0	1	1_762723_762724_+
1	762776	0	1	1_762776_762777_+
1	762793	0	2	1_762793_762794_+
1	762806	0	1	1_762806_762807_+
1	762809	0	2	1_762809_762810_+
1	762850	0	2	1_762850_762851_+
1	762865	0	1	1_762865_762866_+
1	762869	0	2	1_762869_762870_+
1	762882	0	2	1_762882_762883_+
1	762891	0	3	1_762891_762892_+
1	762897	0	4	1_762897_762898_+
1	762912	0	2	1_762912_762913_+
1	762915	0	1	1_762915_762916_+
1	762966	0	1	1_762966_762967_+
1	762972	0	1	1_762972_762973_+
1	763814	0	1	1_763814_763815_+
1	764411	0	1	1_764411_764412_+
1	764421	0	2	1_764421_764422_+
1	765531	0	2	1_765531_765532_+
1	766285	0	2	1_766285_766286_+
1	766946	0	2	1_766946_766947_+
1	767097	0	4	1_767097_767098_+
1	767220	0	2	1_767220_767221_+
1	767560	0	1	1_767560_767561_+
1	767605	0	3	1_767605_767606_+
1	768049	0	1	1_768049_768050_+
1	768086	0	3	1_768086_768087_+
1	769271	0	3	1_769271_769272_+
1	769630	0	1	1_769630_769631_+
1	769890	0	1	1_769890_769891_+
1	769893	0	1	1_769893_769894_+
1	769950	0	1	1_769950_769951_+
1	770368	0	1	1_770368_770369_+
1	770390	0	1	1_770390_770391_+
1	771897	0	1	1_771897_771898_+
1	772322	0	3	1_772322_772323_+
1	772383	0	1	1_772383_772384_+
1	773936	0	1	1_773936_773937_+
1	776599	0	3	1_776599_776600_+
1	776644	0	3	1_776644_776645_+
1	776706	0	1	1_776706_776707_+
1	776861	0	1	1_776861_776862_+
1	776977	2	5	1_776977_776978_+
1	777013	0	4	1_777013_777014_+
1	777046	0	1	1_777046_777047_+
1	777241	0	1	1_777241_777242_+
1	777244	0	3	1_777244_777245_+
1	777287	0	6	1_777287_777288_+
1	777871	0	1	1_777871_777872_+
1	778111	0	3	1_778111_778112_+
1	778148	0	2	1_778148_778149_+
1	778269	0	2	1_778269_778270_+
1	778272	0	3	1_778272_778273_+
1	778600	0	2	1_778600_778601_+
1	778743	0	4	1_778743_778744_+
1	778777	0	2	1_778777_778778_+
1	778780	0	1	1_778780_778781_+
1	779107	0	1	1_779107_779108_+
1	779548	0	1	1_779548_779549_+
1	779552	0	1	1_779552_779553_+
1	780086	0	2	1_780086_780087_+
1	780101	0	3	1_780101_780102_+
1	780206	1	3	1_780206_780207_+
1	780325	0	1	1_780325_780326_+
1	780893	0	1	1_780893_780894_+
1	780901	0	1	1_780901_780902_+
1	782245	0	2	1_782245_782246_+
1	782283	0	1	1_782283_782284_+
1	782862	0	1	1_782862_782863_+
1	783005	0	2	1_783005_783006_+
1	783095	0	1	1_783095_783096_+
1	783649	0	3	1_783649_783650_+
1	784602	0	1	1_784602_784603_+
1	785059	0	6	1_785059_785060_+
1	785073	0	2	1_785073_785074_+
1	785802	0	1	1_785802_785803_+
1	787421	0	1	1_787421_787422_+
1	787423	0	1	1_787423_787424_+
1	787643	0	1	1_787643_787644_+
1	788435	0	4	1_788435_788436_+
1	788487	0	3	1_788487_788488_+
1	788491	0	4	1_788491_788492_+
1	789259	0	1	1_789259_789260_+
1	789359	0	3	1_789359_789360_+
1	790025	0	4	1_790025_790026_+
1	790399	0	1	1_790399_790400_+
1	790463	0	3	1_790463_790464_+
1	791054	0	1	1_791054_791055_+
1	791753	0	1	1_791753_791754_+
1	791869	1	1	1_791869_791870_+
1	792126	0	2	1_792126_792127_+
1	792150	0	3	1_792150_792151_+
1	792185	0	1	1_792185_792186_+
1	793181	0	1	1_793181_793182_+
1	793920	0	2	1_793920_793921_+
1	794055	0	1	1_794055_794056_+
1	794162	0	2	1_794162_794163_+
1	794230	0	2	1_794230_794231_+
1	795036	0	3	1_795036_795037_+
1	795679	0	1	1_795679_795680_+
1	796076	0	1	1_796076_796077_+
1	796162	0	1	1_796162_796163_+
1	796328	0	2	1_796328_796329_+
1	796361	0	1	1_796361_796362_+
1	796521	0	3	1_796521_796522_+
1	796593	0	1	1_796593_796594_+
1	796626	0	1	1_796626_796627_+
1	797625	0	2	1_797625_797626_+
1	799001	0	2	1_799001_799002_+
1	799187	0	2	1_799187_799188_+
1	799344	0	1	1_799344_799345_+
1	799550	0	2	1_799550_799551_+
1	799730	0	2	1_799730_799731_+
1	801122	0	1	1_801122_801123_+
1	801290	0	1	1_801290_801291_+
1	801595	0	1	1_801595_801596_+
1	801616	0	4	1_801616_801617_+
1	801819	0	3	1_801819_801820_+
1	801850	0	2	1_801850_801851_+
1	801868	0	2	1_801868_801869_+
1	801916	0	2	1_801916_801917_+
1	801984	0	2	1_801984_801985_+
1	802327	0	1	1_802327_802328_+
1	802386	0	2	1_802386_802387_+
1	802484	0	4	1_802484_802485_+
1	802523	0	2	1_802523_802524_+
1	802533	0	2	1_802533_802534_+
1	802584	0	1	1_802584_802585_+
1	802819	0	2	1_802819_802820_+
1	803078	0	1	1_803078_803079_+
1	804432	0	2	1_804432_804433_+
1	804912	0	1	1_804912_804913_+
1	804945	0	3	1_804945_804946_+
1	804992	0	4	1_804992_804993_+
1	804999	1	6	1_804999_805000_+
1	805102	0	2	1_805102_805103_+
1	805158	0	4	1_805158_805159_+
1	805199	0	3	1_805199_805200_+
1	805201	0	2	1_805201_805202_+
1	805214	0	2	1_805214_805215_+
1	805230	0	1	1_805230_805231_+
1	805252	0	2	1_805252_805253_+
1	805273	0	2	1_805273_805274_+
1	805281	0	4	1_805281_805282_+
1	805283	0	4	1_805283_805284_+
1	805289	0	2	1_805289_805290_+
1	805295	0	3	1_805295_805296_+
1	805318	0	1	1_805318_805319_+
1	805320	0	1	1_805320_805321_+
1	805327	0	2	1_805327_805328_+
1	805341	0	1	1_805341_805342_+
1	805352	0	3	1_805352_805353_+
1	805377	0	4	1_805377_805378_+
1	805382	0	4	1_805382_805383_+
1	805403	0	1	1_805403_805404_+
1	805411	0	1	1_805411_805412_+
1	805428	0	2	1_805428_805429_+
1	805444	0	2	1_805444_805445_+
1	805449	0	3	1_805449_805450_+
1	805467	0	3	1_805467_805468_+
1	805474	0	2	1_805474_805475_+
1	805477	0	3	1_805477_805478_+
1	805479	0	4	1_805479_805480_+
1	805484	0	3	1_805484_805485_+
1	805500	0	1	1_805500_805501_+
1	805519	0	2	1_805519_805520_+
1	805522	0	2	1_805522_805523_+
1	805538	0	3	1_805538_805539_+
1	805541	0	3	1_805541_805542_+
1	805554	0	3	1_805554_805555_+
1	805573	0	2	1_805573_805574_+
1	805604	0	6	1_805604_805605_+
1	805606	0	6	1_805606_805607_+
1	805616	0	1	1_805616_805617_+
1	805627	0	4	1_805627_805628_+
1	805746	0	1	1_805746_805747_+
1	805786	0	1	1_805786_805787_+
1	806051	0	1	1_806051_806052_+
1	806120	0	1	1_806120_806121_+
1	806231	0	3	1_806231_806232_+
1	807409	0	1	1_807409_807410_+
1	809006	0	1	1_809006_809007_+
1	809329	0	1	1_809329_809330_+
1	809332	0	1	1_809332_809333_+
1	809450	0	2	1_809450_809451_+
1	809509	0	3	1_809509_809510_+
1	809590	0	2	1_809590_809591_+
1	809594	0	2	1_809594_809595_+
1	810095	0	3	1_810095_810096_+
1	810603	0	1	1_810603_810604_+
1	811025	0	4	1_811025_811026_+
1	811166	0	2	1_811166_811167_+
1	811295	0	1	1_811295_811296_+
1	811348	0	2	1_811348_811349_+
1	811502	0	1	1_811502_811503_+
1	811532	0	2	1_811532_811533_+
1	811745	0	6	1_811745_811746_+
1	811759	1	8	1_811759_811760_+
1	811775	0	3	1_811775_811776_+
1	812350	0	7	1_812350_812351_+
1	812539	0	2	1_812539_812540_+
1	812640	0	1	1_812640_812641_+
1	813956	0	2	1_813956_813957_+
1	814048	0	1	1_814048_814049_+
1	814887	0	1	1_814887_814888_+
1	814913	0	2	1_814913_814914_+
1	816074	0	2	1_816074_816075_+
1	818444	0	3	1_818444_818445_+
1	820609	0	2	1_820609_820610_+
1	820709	0	2	1_820709_820710_+
1	821972	0	1	1_821972_821973_+
1	822360	0	3	1_822360_822361_+
1	824091	0	1	1_824091_824092_+
1	825626	0	1	1_825626_825627_+
1	825735	0	2	1_825735_825736_+
1	825987	0	2	1_825987_825988_+
1	826988	0	1	1_826988_826989_+
1	827204	0	1	1_827204_827205_+
1	827299	0	1	1_827299_827300_+
1	827468	0	3	1_827468_827469_+
1	828424	0	1	1_828424_828425_+
1	828846	0	1	1_828846_828847_+
1	829660	0	1	1_829660_829661_+
1	829787	0	2	1_829787_829788_+
1	830411	0	1	1_830411_830412_+
1	830496	0	1	1_830496_830497_+
1	832261	0	1	1_832261_832262_+
1	832479	0	3	1_832479_832480_+
1	832619	0	2	1_832619_832620_+
1	832830	0	2	1_832830_832831_+
1	833157	0	1	1_833157_833158_+
1	833166	0	2	1_833166_833167_+
1	833297	0	1	1_833297_833298_+
1	833347	0	4	1_833347_833348_+
1	833446	0	1	1_833446_833447_+
1	833469	0	1	1_833469_833470_+
1	833514	0	3	1_833514_833515_+
1	833536	0	3	1_833536_833537_+
1	833555	0	2	1_833555_833556_+
1	833565	0	2	1_833565_833566_+
