#chrom	genomicpos	deaminated	total	bedcoord
1	10471	0	1	1_10471_10472_+
1	10484	0	1	1_10484_10485_+
1	10497	0	2	1_10497_10498_+
1	10563	0	2	1_10563_10564_+
1	10571	0	1	1_10571_10572_+
1	10577	0	1	1_10577_10578_+
1	10589	0	1	1_10589_10590_+
1	17483	0	1	1_17483_17484_+
1	17492	0	3	1_17492_17493_+
1	51969	0	1	1_51969_51970_+
1	58447	0	1	1_58447_58448_+
1	62140	0	1	1_62140_62141_+
1	62277	0	1	1_62277_62278_+
1	67183	0	1	1_67183_67184_+
1	135178	0	1	1_135178_135179_+
1	135232	0	2	1_135232_135233_+
1	135252	0	1	1_135252_135253_+
1	136534	0	1	1_136534_136535_+
1	136797	0	1	1_136797_136798_+
1	136876	0	1	1_136876_136877_+
1	136911	0	2	1_136911_136912_+
1	526763	0	1	1_526763_526764_+
1	540800	0	1	1_540800_540801_+
1	540808	0	1	1_540808_540809_+
1	564471	0	2	1_564471_564472_+
1	564895	0	1	1_564895_564896_+
1	564925	0	1	1_564925_564926_+
1	566813	0	1	1_566813_566814_+
1	567014	0	1	1_567014_567015_+
1	567113	0	1	1_567113_567114_+
1	567122	0	1	1_567122_567123_+
1	567776	0	1	1_567776_567777_+
1	567892	0	1	1_567892_567893_+
1	568460	0	2	1_568460_568461_+
1	568469	0	1	1_568469_568470_+
1	568698	0	1	1_568698_568699_+
1	568715	0	1	1_568715_568716_+
1	569081	0	1	1_569081_569082_+
1	569271	0	1	1_569271_569272_+
1	569842	0	1	1_569842_569843_+
1	570037	0	1	1_570037_570038_+
1	704243	0	1	1_704243_704244_+
1	712545	0	1	1_712545_712546_+
1	713447	0	1	1_713447_713448_+
1	714139	0	1	1_714139_714140_+
1	714167	0	1	1_714167_714168_+
1	714169	0	1	1_714169_714170_+
1	714177	0	1	1_714177_714178_+
1	714565	0	1	1_714565_714566_+
1	715110	1	1	1_715110_715111_+
1	715121	0	3	1_715121_715122_+
1	715283	0	1	1_715283_715284_+
1	715414	0	2	1_715414_715415_+
1	717601	0	2	1_717601_717602_+
1	720695	0	1	1_720695_720696_+
1	724240	0	2	1_724240_724241_+
1	724246	0	2	1_724246_724247_+
1	724260	0	2	1_724260_724261_+
1	724806	0	1	1_724806_724807_+
1	725040	0	2	1_725040_725041_+
1	726570	0	1	1_726570_726571_+
1	726734	1	1	1_726734_726735_+
1	729888	0	1	1_729888_729889_+
1	734133	0	2	1_734133_734134_+
1	748480	0	1	1_748480_748481_+
1	750022	0	1	1_750022_750023_+
1	750082	0	1	1_750082_750083_+
1	752495	0	1	1_752495_752496_+
1	752673	0	2	1_752673_752674_+
1	752696	0	1	1_752696_752697_+
1	753666	0	2	1_753666_753667_+
1	754137	0	1	1_754137_754138_+
1	754185	0	1	1_754185_754186_+
1	755728	0	2	1_755728_755729_+
1	756395	1	1	1_756395_756396_+
1	756558	0	4	1_756558_756559_+
1	757039	0	3	1_757039_757040_+
1	757199	0	2	1_757199_757200_+
1	757720	0	1	1_757720_757721_+
1	758163	0	3	1_758163_758164_+
1	758350	0	1	1_758350_758351_+
1	758829	0	1	1_758829_758830_+
1	761370	0	1	1_761370_761371_+
1	762850	0	1	1_762850_762851_+
1	762912	0	1	1_762912_762913_+
1	762915	0	1	1_762915_762916_+
1	762917	0	1	1_762917_762918_+
1	762919	0	1	1_762919_762920_+
1	765531	0	1	1_765531_765532_+
1	766285	0	1	1_766285_766286_+
1	766328	0	1	1_766328_766329_+
1	766880	0	2	1_766880_766881_+
1	766946	0	2	1_766946_766947_+
1	767097	2	2	1_767097_767098_+
1	767220	0	1	1_767220_767221_+
1	767253	1	1	1_767253_767254_+
1	768049	0	2	1_768049_768050_+
1	769174	0	1	1_769174_769175_+
1	771035	0	1	1_771035_771036_+
1	772322	0	1	1_772322_772323_+
1	772957	0	1	1_772957_772958_+
1	776599	0	1	1_776599_776600_+
1	776644	0	2	1_776644_776645_+
1	776706	0	1	1_776706_776707_+
1	777013	0	1	1_777013_777014_+
1	777241	0	1	1_777241_777242_+
1	777287	0	2	1_777287_777288_+
1	778111	0	2	1_778111_778112_+
1	778148	0	1	1_778148_778149_+
1	778743	0	1	1_778743_778744_+
1	778871	0	1	1_778871_778872_+
1	779548	0	2	1_779548_779549_+
1	779552	0	2	1_779552_779553_+
1	779582	1	3	1_779582_779583_+
1	780325	0	1	1_780325_780326_+
1	782245	0	1	1_782245_782246_+
1	782283	0	1	1_782283_782284_+
1	784177	0	2	1_784177_784178_+
1	785059	0	1	1_785059_785060_+
1	785628	0	1	1_785628_785629_+
1	785635	0	1	1_785635_785636_+
1	788365	0	1	1_788365_788366_+
1	788373	0	2	1_788373_788374_+
1	789259	0	2	1_789259_789260_+
1	789950	0	1	1_789950_789951_+
1	790025	0	2	1_790025_790026_+
1	790035	1	4	1_790035_790036_+
1	790463	0	3	1_790463_790464_+
1	790748	0	1	1_790748_790749_+
1	791543	0	1	1_791543_791544_+
1	791869	0	1	1_791869_791870_+
1	792496	0	1	1_792496_792497_+
1	793920	0	1	1_793920_793921_+
1	794230	0	2	1_794230_794231_+
1	796076	0	1	1_796076_796077_+
1	796128	0	1	1_796128_796129_+
1	797785	0	2	1_797785_797786_+
1	801595	0	1	1_801595_801596_+
1	801616	0	1	1_801616_801617_+
1	801819	0	1	1_801819_801820_+
1	801868	0	3	1_801868_801869_+
1	801875	0	1	1_801875_801876_+
1	801916	0	3	1_801916_801917_+
1	802584	0	1	1_802584_802585_+
1	802922	0	1	1_802922_802923_+
1	804432	0	2	1_804432_804433_+
1	804999	0	1	1_804999_805000_+
1	805102	0	1	1_805102_805103_+
1	805214	0	2	1_805214_805215_+
1	805318	0	1	1_805318_805319_+
1	805320	0	1	1_805320_805321_+
1	805327	0	1	1_805327_805328_+
1	805341	0	2	1_805341_805342_+
1	805411	0	1	1_805411_805412_+
1	805428	0	1	1_805428_805429_+
1	805434	0	1	1_805434_805435_+
1	805436	0	1	1_805436_805437_+
1	805444	0	1	1_805444_805445_+
1	805467	0	2	1_805467_805468_+
1	805474	0	1	1_805474_805475_+
1	805477	0	1	1_805477_805478_+
1	805479	0	1	1_805479_805480_+
1	805484	0	1	1_805484_805485_+
1	805500	0	1	1_805500_805501_+
1	805519	0	1	1_805519_805520_+
1	805522	0	1	1_805522_805523_+
1	805554	0	1	1_805554_805555_+
1	805604	0	3	1_805604_805605_+
1	805606	0	3	1_805606_805607_+
1	805616	0	2	1_805616_805617_+
1	805786	0	1	1_805786_805787_+
1	806051	0	1	1_806051_806052_+
1	807409	0	2	1_807409_807410_+
1	808946	0	1	1_808946_808947_+
1	809450	0	2	1_809450_809451_+
1	811279	0	1	1_811279_811280_+
1	811295	0	1	1_811295_811296_+
1	811745	0	1	1_811745_811746_+
1	811759	0	2	1_811759_811760_+
1	811775	0	2	1_811775_811776_+
1	812350	0	3	1_812350_812351_+
1	812640	0	1	1_812640_812641_+
1	813956	0	1	1_813956_813957_+
1	814048	0	1	1_814048_814049_+
1	814887	0	1	1_814887_814888_+
1	820609	0	1	1_820609_820610_+
1	822553	0	1	1_822553_822554_+
1	824091	0	1	1_824091_824092_+
1	825735	0	1	1_825735_825736_+
1	825987	0	1	1_825987_825988_+
1	827204	0	1	1_827204_827205_+
1	827468	0	1	1_827468_827469_+
1	828424	0	1	1_828424_828425_+
1	828846	0	1	1_828846_828847_+
1	829787	0	1	1_829787_829788_+
1	830411	0	1	1_830411_830412_+
1	830533	0	1	1_830533_830534_+
1	832830	0	2	1_832830_832831_+
1	833157	0	3	1_833157_833158_+
1	833166	0	2	1_833166_833167_+
1	833297	0	1	1_833297_833298_+
1	833347	0	1	1_833347_833348_+
1	833555	0	1	1_833555_833556_+
1	833565	0	1	1_833565_833566_+
1	833786	0	1	1_833786_833787_+
1	833806	0	1	1_833806_833807_+
1	833868	0	1	1_833868_833869_+
1	833896	0	1	1_833896_833897_+
1	834247	0	1	1_834247_834248_+
1	834276	0	1	1_834276_834277_+
1	834295	0	1	1_834295_834296_+
1	834330	0	3	1_834330_834331_+
1	834338	0	1	1_834338_834339_+
1	834356	0	1	1_834356_834357_+
1	834358	0	1	1_834358_834359_+
1	834596	0	1	1_834596_834597_+
1	834703	0	1	1_834703_834704_+
1	834767	0	3	1_834767_834768_+
1	835044	0	1	1_835044_835045_+
1	835444	0	1	1_835444_835445_+
1	835736	0	1	1_835736_835737_+
1	835766	0	1	1_835766_835767_+
1	835923	0	1	1_835923_835924_+
1	836217	0	2	1_836217_836218_+
1	836472	0	1	1_836472_836473_+
1	836578	0	1	1_836578_836579_+
1	837603	0	1	1_837603_837604_+
1	837717	0	1	1_837717_837718_+
1	837736	0	1	1_837736_837737_+
1	837852	0	1	1_837852_837853_+
1	837885	0	3	1_837885_837886_+
1	837891	0	3	1_837891_837892_+
1	838021	0	1	1_838021_838022_+
1	838049	0	1	1_838049_838050_+
1	838078	0	1	1_838078_838079_+
1	838085	0	1	1_838085_838086_+
1	838108	0	1	1_838108_838109_+
1	838110	0	1	1_838110_838111_+
1	838349	0	1	1_838349_838350_+
1	838352	0	1	1_838352_838353_+
1	838361	0	1	1_838361_838362_+
1	838377	0	2	1_838377_838378_+
1	838379	0	2	1_838379_838380_+
1	838382	0	2	1_838382_838383_+
1	838395	0	1	1_838395_838396_+
1	838564	0	1	1_838564_838565_+
1	838666	0	1	1_838666_838667_+
1	838687	0	1	1_838687_838688_+
1	838761	0	1	1_838761_838762_+
1	838924	0	3	1_838924_838925_+
1	839207	0	2	1_839207_839208_+
1	839214	0	2	1_839214_839215_+
1	839245	0	1	1_839245_839246_+
1	839349	0	2	1_839349_839350_+
1	839435	0	1	1_839435_839436_+
1	839464	0	2	1_839464_839465_+
1	839508	0	4	1_839508_839509_+
1	839516	0	2	1_839516_839517_+
1	839618	0	1	1_839618_839619_+
1	839633	0	2	1_839633_839634_+
1	839668	0	1	1_839668_839669_+
1	839695	0	1	1_839695_839696_+
1	839701	0	1	1_839701_839702_+
1	839725	0	1	1_839725_839726_+
1	839752	0	1	1_839752_839753_+
1	839780	0	2	1_839780_839781_+
1	839867	0	1	1_839867_839868_+
1	839871	0	1	1_839871_839872_+
1	839927	0	1	1_839927_839928_+
1	839987	0	1	1_839987_839988_+
1	839991	0	1	1_839991_839992_+
1	840007	0	1	1_840007_840008_+
1	840013	0	1	1_840013_840014_+
1	840057	0	1	1_840057_840058_+
1	840073	0	1	1_840073_840074_+
1	840132	0	1	1_840132_840133_+
1	840135	0	1	1_840135_840136_+
1	840142	0	1	1_840142_840143_+
1	840149	0	2	1_840149_840150_+
1	840162	0	1	1_840162_840163_+
1	840274	0	1	1_840274_840275_+
1	840279	0	2	1_840279_840280_+
1	840293	0	1	1_840293_840294_+
1	840295	0	1	1_840295_840296_+
1	840303	0	2	1_840303_840304_+
1	840313	0	2	1_840313_840314_+
1	840316	0	2	1_840316_840317_+
1	840319	0	3	1_840319_840320_+
1	840329	0	2	1_840329_840330_+
1	840331	0	1	1_840331_840332_+
1	840383	0	1	1_840383_840384_+
1	840514	0	1	1_840514_840515_+
1	840563	0	1	1_840563_840564_+
1	840586	0	1	1_840586_840587_+
1	840611	0	1	1_840611_840612_+
1	840618	0	1	1_840618_840619_+
1	840680	0	1	1_840680_840681_+
1	840684	0	2	1_840684_840685_+
1	840784	0	3	1_840784_840785_+
1	840801	0	1	1_840801_840802_+
1	840816	0	2	1_840816_840817_+
1	840820	0	2	1_840820_840821_+
1	840944	0	1	1_840944_840945_+
1	841006	0	2	1_841006_841007_+
1	841008	0	2	1_841008_841009_+
1	841028	0	1	1_841028_841029_+
1	841039	0	1	1_841039_841040_+
1	841115	0	1	1_841115_841116_+
1	841145	0	1	1_841145_841146_+
1	841219	0	1	1_841219_841220_+
1	841221	0	1	1_841221_841222_+
1	841289	0	1	1_841289_841290_+
1	842096	0	1	1_842096_842097_+
1	842204	0	1	1_842204_842205_+
1	842209	0	2	1_842209_842210_+
1	842431	0	1	1_842431_842432_+
1	843221	0	1	1_843221_843222_+
1	843238	0	1	1_843238_843239_+
1	843641	0	1	1_843641_843642_+
1	845247	0	1	1_845247_845248_+
1	845271	0	1	1_845271_845272_+
1	845324	0	1	1_845324_845325_+
1	845367	0	1	1_845367_845368_+
1	845370	0	1	1_845370_845371_+
1	845372	0	1	1_845372_845373_+
1	845376	0	1	1_845376_845377_+
1	845390	0	1	1_845390_845391_+
1	845408	0	4	1_845408_845409_+
1	845430	0	1	1_845430_845431_+
1	845441	0	1	1_845441_845442_+
1	845446	0	1	1_845446_845447_+
1	845448	0	1	1_845448_845449_+
1	845458	0	1	1_845458_845459_+
1	845462	0	1	1_845462_845463_+
1	845464	0	1	1_845464_845465_+
1	845513	0	1	1_845513_845514_+
1	845519	0	1	1_845519_845520_+
1	845521	0	1	1_845521_845522_+
1	845545	0	1	1_845545_845546_+
1	845548	0	2	1_845548_845549_+
1	845550	0	2	1_845550_845551_+
1	845552	0	1	1_845552_845553_+
1	845554	0	1	1_845554_845555_+
1	845561	0	1	1_845561_845562_+
1	845630	0	3	1_845630_845631_+
1	845632	0	4	1_845632_845633_+
1	845636	0	4	1_845636_845637_+
1	845638	0	3	1_845638_845639_+
1	845668	0	3	1_845668_845669_+
1	845690	0	1	1_845690_845691_+
1	845693	0	1	1_845693_845694_+
1	845696	0	1	1_845696_845697_+
1	845704	0	1	1_845704_845705_+
1	845718	0	1	1_845718_845719_+
1	845727	0	1	1_845727_845728_+
1	845752	0	3	1_845752_845753_+
1	845758	0	3	1_845758_845759_+
1	845829	0	1	1_845829_845830_+
1	845877	0	2	1_845877_845878_+
1	845882	0	1	1_845882_845883_+
1	845991	0	1	1_845991_845992_+
1	846056	0	3	1_846056_846057_+
1	846062	0	3	1_846062_846063_+
1	846142	0	1	1_846142_846143_+
1	846151	0	1	1_846151_846152_+
1	846155	0	1	1_846155_846156_+
1	846209	0	3	1_846209_846210_+
1	846283	0	3	1_846283_846284_+
1	846354	0	3	1_846354_846355_+
1	846426	0	3	1_846426_846427_+
1	846744	0	3	1_846744_846745_+
1	846824	0	2	1_846824_846825_+
1	846857	0	1	1_846857_846858_+
1	846889	0	1	1_846889_846890_+
1	846919	0	1	1_846919_846920_+
1	847816	0	1	1_847816_847817_+
1	848052	0	1	1_848052_848053_+
1	848256	0	3	1_848256_848257_+
1	848351	0	1	1_848351_848352_+
1	848481	0	1	1_848481_848482_+
1	848523	0	2	1_848523_848524_+
1	848609	0	2	1_848609_848610_+
1	848662	0	1	1_848662_848663_+
1	849041	0	2	1_849041_849042_+
1	849084	0	1	1_849084_849085_+
1	849098	0	1	1_849098_849099_+
1	849137	0	1	1_849137_849138_+
1	849207	0	1	1_849207_849208_+
1	849413	0	1	1_849413_849414_+
1	849578	0	1	1_849578_849579_+
1	849860	0	1	1_849860_849861_+
1	850051	0	1	1_850051_850052_+
1	850196	0	2	1_850196_850197_+
1	850418	0	1	1_850418_850419_+
1	850429	0	3	1_850429_850430_+
1	850704	0	1	1_850704_850705_+
1	850756	0	2	1_850756_850757_+
1	850762	0	1	1_850762_850763_+
1	850784	0	1	1_850784_850785_+
1	850803	0	1	1_850803_850804_+
1	850885	0	4	1_850885_850886_+
1	850928	0	4	1_850928_850929_+
1	850936	0	2	1_850936_850937_+
1	851008	0	1	1_851008_851009_+
1	851218	0	2	1_851218_851219_+
1	851327	0	1	1_851327_851328_+
1	851333	0	1	1_851333_851334_+
1	851379	0	2	1_851379_851380_+
1	851520	0	2	1_851520_851521_+
1	851619	0	1	1_851619_851620_+
1	851772	0	2	1_851772_851773_+
1	851800	0	1	1_851800_851801_+
1	851915	0	1	1_851915_851916_+
1	852005	0	1	1_852005_852006_+
1	852139	0	2	1_852139_852140_+
1	852694	0	1	1_852694_852695_+
1	852705	0	2	1_852705_852706_+
1	852839	0	1	1_852839_852840_+
1	853056	0	3	1_853056_853057_+
1	853216	0	2	1_853216_853217_+
1	853350	0	2	1_853350_853351_+
1	853373	0	2	1_853373_853374_+
1	853613	0	1	1_853613_853614_+
1	853675	0	1	1_853675_853676_+
1	853681	0	2	1_853681_853682_+
1	853794	0	1	1_853794_853795_+
1	853825	0	1	1_853825_853826_+
1	853836	0	1	1_853836_853837_+
1	853925	0	1	1_853925_853926_+
1	853989	0	1	1_853989_853990_+
1	853995	0	3	1_853995_853996_+
1	854081	0	1	1_854081_854082_+
1	854279	0	1	1_854279_854280_+
1	854739	0	1	1_854739_854740_+
1	854766	0	1	1_854766_854767_+
1	854876	0	1	1_854876_854877_+
1	854951	0	1	1_854951_854952_+
1	855046	0	1	1_855046_855047_+
1	855109	0	2	1_855109_855110_+
1	855193	0	1	1_855193_855194_+
1	855404	0	2	1_855404_855405_+
1	855472	0	1	1_855472_855473_+
1	855741	0	1	1_855741_855742_+
1	856047	0	1	1_856047_856048_+
1	856059	0	2	1_856059_856060_+
1	856074	0	2	1_856074_856075_+
1	856109	0	1	1_856109_856110_+
1	856585	0	1	1_856585_856586_+
1	856588	0	1	1_856588_856589_+
1	856693	0	1	1_856693_856694_+
1	856782	0	2	1_856782_856783_+
1	856956	0	1	1_856956_856957_+
1	856988	0	1	1_856988_856989_+
1	857015	0	1	1_857015_857016_+
1	857599	0	1	1_857599_857600_+
1	857657	0	1	1_857657_857658_+
1	858085	0	2	1_858085_858086_+
1	858218	0	1	1_858218_858219_+
1	858362	0	1	1_858362_858363_+
1	858406	0	2	1_858406_858407_+
1	858451	0	2	1_858451_858452_+
1	858615	0	2	1_858615_858616_+
1	858790	0	1	1_858790_858791_+
1	858831	0	1	1_858831_858832_+
1	858971	0	1	1_858971_858972_+
1	858979	0	2	1_858979_858980_+
1	859010	0	3	1_859010_859011_+
1	859026	0	1	1_859026_859027_+
1	859029	0	1	1_859029_859030_+
1	859086	0	1	1_859086_859087_+
1	859091	0	2	1_859091_859092_+
1	859093	0	1	1_859093_859094_+
1	859141	0	1	1_859141_859142_+
1	859145	0	1	1_859145_859146_+
1	859155	0	1	1_859155_859156_+
1	859162	0	1	1_859162_859163_+
1	859193	0	1	1_859193_859194_+
1	859202	0	1	1_859202_859203_+
1	859249	0	1	1_859249_859250_+
1	859252	0	1	1_859252_859253_+
1	859256	0	1	1_859256_859257_+
1	859259	0	1	1_859259_859260_+
1	859261	0	1	1_859261_859262_+
1	859387	0	1	1_859387_859388_+
1	859413	0	1	1_859413_859414_+
1	859424	0	1	1_859424_859425_+
1	859432	0	1	1_859432_859433_+
1	859525	0	1	1_859525_859526_+
1	859556	0	2	1_859556_859557_+
1	859559	0	1	1_859559_859560_+
1	859563	0	1	1_859563_859564_+
1	859566	0	1	1_859566_859567_+
1	859571	0	2	1_859571_859572_+
1	859576	0	2	1_859576_859577_+
1	859582	0	3	1_859582_859583_+
1	859602	0	1	1_859602_859603_+
1	859617	0	1	1_859617_859618_+
1	859620	0	1	1_859620_859621_+
1	859624	0	1	1_859624_859625_+
