#chrom	genomicpos	deaminated	total	bedcoord
1	10484	0	1	1_10484_10485_+
1	10525	0	3	1_10525_10526_+
1	10563	0	1	1_10563_10564_+
1	10811	0	1	1_10811_10812_+
1	10813	0	1	1_10813_10814_+
1	10816	0	1	1_10816_10817_+
1	15912	0	1	1_15912_15913_+
1	17492	0	2	1_17492_17493_+
1	102988	0	2	1_102988_102989_+
1	133145	0	1	1_133145_133146_+
1	135207	0	3	1_135207_135208_+
1	135217	0	2	1_135217_135218_+
1	136911	0	1	1_136911_136912_+
1	139073	1	1	1_139073_139074_+
1	233450	0	3	1_233450_233451_+
1	324768	0	1	1_324768_324769_+
1	324771	0	1	1_324771_324772_+
1	526061	0	2	1_526061_526062_+
1	526065	0	2	1_526065_526066_+
1	537496	0	1	1_537496_537497_+
1	537528	0	1	1_537528_537529_+
1	540750	0	2	1_540750_540751_+
1	540800	0	1	1_540800_540801_+
1	540897	0	1	1_540897_540898_+
1	564895	0	1	1_564895_564896_+
1	565603	1	1	1_565603_565604_+
1	566813	0	2	1_566813_566814_+
1	566879	0	1	1_566879_566880_+
1	567426	0	1	1_567426_567427_+
1	567501	0	2	1_567501_567502_+
1	567549	0	1	1_567549_567550_+
1	567756	0	2	1_567756_567757_+
1	567769	0	1	1_567769_567770_+
1	567776	0	1	1_567776_567777_+
1	568409	0	1	1_568409_568410_+
1	568460	0	1	1_568460_568461_+
1	568475	0	2	1_568475_568476_+
1	568668	0	1	1_568668_568669_+
1	568715	0	1	1_568715_568716_+
1	571899	0	1	1_571899_571900_+
1	586161	0	1	1_586161_586162_+
1	586218	0	1	1_586218_586219_+
1	637725	0	1	1_637725_637726_+
1	637754	0	1	1_637754_637755_+
1	665434	0	1	1_665434_665435_+
1	704315	0	1	1_704315_704316_+
1	705870	0	1	1_705870_705871_+
1	705907	0	1	1_705907_705908_+
1	707095	0	1	1_707095_707096_+
1	712545	0	1	1_712545_712546_+
1	713252	0	2	1_713252_713253_+
1	713388	0	2	1_713388_713389_+
1	713453	0	1	1_713453_713454_+
1	713921	0	1	1_713921_713922_+
1	714012	0	1	1_714012_714013_+
1	714021	0	1	1_714021_714022_+
1	714060	0	1	1_714060_714061_+
1	714076	0	1	1_714076_714077_+
1	714083	0	3	1_714083_714084_+
1	714096	0	1	1_714096_714097_+
1	714167	0	1	1_714167_714168_+
1	714169	0	1	1_714169_714170_+
1	714177	0	1	1_714177_714178_+
1	714198	0	1	1_714198_714199_+
1	714202	0	1	1_714202_714203_+
1	714254	0	2	1_714254_714255_+
1	714258	0	1	1_714258_714259_+
1	714261	0	1	1_714261_714262_+
1	714264	0	1	1_714264_714265_+
1	714565	0	1	1_714565_714566_+
1	714660	0	2	1_714660_714661_+
1	715031	0	1	1_715031_715032_+
1	715035	0	1	1_715035_715036_+
1	715041	0	1	1_715041_715042_+
1	715079	0	1	1_715079_715080_+
1	715083	0	1	1_715083_715084_+
1	715110	0	2	1_715110_715111_+
1	715121	0	1	1_715121_715122_+
1	715250	0	1	1_715250_715251_+
1	715277	0	1	1_715277_715278_+
1	715283	0	1	1_715283_715284_+
1	715389	0	2	1_715389_715390_+
1	715391	0	2	1_715391_715392_+
1	716050	0	1	1_716050_716051_+
1	717601	0	2	1_717601_717602_+
1	720695	0	2	1_720695_720696_+
1	723701	0	1	1_723701_723702_+
1	723837	0	1	1_723837_723838_+
1	724240	0	3	1_724240_724241_+
1	724246	0	2	1_724246_724247_+
1	724260	0	1	1_724260_724261_+
1	725040	0	1	1_725040_725041_+
1	725056	0	1	1_725056_725057_+
1	725346	0	1	1_725346_725347_+
1	725615	0	1	1_725615_725616_+
1	725871	0	1	1_725871_725872_+
1	726540	0	2	1_726540_726541_+
1	726570	0	2	1_726570_726571_+
1	727204	0	1	1_727204_727205_+
1	734133	0	1	1_734133_734134_+
1	734327	0	1	1_734327_734328_+
1	746796	0	1	1_746796_746797_+
1	747751	0	1	1_747751_747752_+
1	752673	0	1	1_752673_752674_+
1	752696	0	1	1_752696_752697_+
1	753358	0	1	1_753358_753359_+
1	753370	0	2	1_753370_753371_+
1	753376	0	2	1_753376_753377_+
1	753379	0	2	1_753379_753380_+
1	753666	0	1	1_753666_753667_+
1	754137	0	1	1_754137_754138_+
1	754153	0	1	1_754153_754154_+
1	754185	0	1	1_754185_754186_+
1	754739	0	1	1_754739_754740_+
1	754820	0	1	1_754820_754821_+
1	755523	0	2	1_755523_755524_+
1	755728	0	1	1_755728_755729_+
1	755749	0	4	1_755749_755750_+
1	755798	0	1	1_755798_755799_+
1	756395	0	2	1_756395_756396_+
1	756518	0	1	1_756518_756519_+
1	756558	0	1	1_756558_756559_+
1	756640	0	1	1_756640_756641_+
1	757153	0	2	1_757153_757154_+
1	757720	0	3	1_757720_757721_+
1	758350	0	1	1_758350_758351_+
1	758628	0	1	1_758628_758629_+
1	758829	0	3	1_758829_758830_+
1	758945	0	4	1_758945_758946_+
1	759844	0	1	1_759844_759845_+
1	760964	0	1	1_760964_760965_+
1	761298	0	1	1_761298_761299_+
1	761809	0	1	1_761809_761810_+
1	762179	0	2	1_762179_762180_+
1	762806	0	1	1_762806_762807_+
1	762809	0	2	1_762809_762810_+
1	762850	0	1	1_762850_762851_+
1	762882	0	1	1_762882_762883_+
1	762891	0	1	1_762891_762892_+
1	762912	0	1	1_762912_762913_+
1	762915	0	2	1_762915_762916_+
1	762917	0	2	1_762917_762918_+
1	762919	0	1	1_762919_762920_+
1	762926	0	2	1_762926_762927_+
1	762933	0	1	1_762933_762934_+
1	762982	0	1	1_762982_762983_+
1	762987	0	1	1_762987_762988_+
1	766880	0	1	1_766880_766881_+
1	767097	0	1	1_767097_767098_+
1	767253	0	1	1_767253_767254_+
1	767493	0	1	1_767493_767494_+
1	767560	0	3	1_767560_767561_+
1	767605	0	1	1_767605_767606_+
1	768049	0	1	1_768049_768050_+
1	769251	0	1	1_769251_769252_+
1	769271	0	2	1_769271_769272_+
1	769890	0	2	1_769890_769891_+
1	769893	0	2	1_769893_769894_+
1	770390	0	1	1_770390_770391_+
1	771741	0	1	1_771741_771742_+
1	772322	0	1	1_772322_772323_+
1	772957	0	1	1_772957_772958_+
1	775674	0	1	1_775674_775675_+
1	776599	0	4	1_776599_776600_+
1	776644	0	2	1_776644_776645_+
1	777013	0	1	1_777013_777014_+
1	777287	0	1	1_777287_777288_+
1	778148	1	2	1_778148_778149_+
1	778272	0	1	1_778272_778273_+
1	778292	0	1	1_778292_778293_+
1	778743	0	1	1_778743_778744_+
1	778871	0	1	1_778871_778872_+
1	779582	0	1	1_779582_779583_+
1	780325	0	1	1_780325_780326_+
1	780893	0	1	1_780893_780894_+
1	780901	0	1	1_780901_780902_+
1	782283	0	1	1_782283_782284_+
1	782862	0	1	1_782862_782863_+
1	784177	0	1	1_784177_784178_+
1	785059	0	1	1_785059_785060_+
1	785073	0	1	1_785073_785074_+
1	785592	0	1	1_785592_785593_+
1	785628	0	1	1_785628_785629_+
1	785802	0	2	1_785802_785803_+
1	788365	0	1	1_788365_788366_+
1	788373	0	1	1_788373_788374_+
1	788487	0	1	1_788487_788488_+
1	788491	0	1	1_788491_788492_+
1	788531	0	3	1_788531_788532_+
1	788533	0	2	1_788533_788534_+
1	789359	0	1	1_789359_789360_+
1	790025	0	2	1_790025_790026_+
1	790035	0	2	1_790035_790036_+
1	790109	0	1	1_790109_790110_+
1	790432	0	1	1_790432_790433_+
1	790463	0	2	1_790463_790464_+
1	791054	0	1	1_791054_791055_+
1	791753	0	1	1_791753_791754_+
1	791869	0	1	1_791869_791870_+
1	792126	0	1	1_792126_792127_+
1	792150	0	1	1_792150_792151_+
1	792185	0	1	1_792185_792186_+
1	794230	0	1	1_794230_794231_+
1	795036	0	3	1_795036_795037_+
1	795725	0	2	1_795725_795726_+
1	796076	0	1	1_796076_796077_+
1	796328	0	3	1_796328_796329_+
1	796521	0	1	1_796521_796522_+
1	797785	0	1	1_797785_797786_+
1	799187	0	1	1_799187_799188_+
1	799419	0	2	1_799419_799420_+
1	799550	0	1	1_799550_799551_+
1	801290	0	3	1_801290_801291_+
1	801616	0	4	1_801616_801617_+
1	801819	0	1	1_801819_801820_+
1	801868	0	1	1_801868_801869_+
1	801875	0	2	1_801875_801876_+
1	801896	0	2	1_801896_801897_+
1	801916	0	1	1_801916_801917_+
1	802484	0	1	1_802484_802485_+
1	802523	0	2	1_802523_802524_+
1	802533	0	3	1_802533_802534_+
1	802584	0	2	1_802584_802585_+
1	802922	0	1	1_802922_802923_+
1	804912	0	1	1_804912_804913_+
1	804945	0	1	1_804945_804946_+
1	804999	0	1	1_804999_805000_+
1	805102	0	1	1_805102_805103_+
1	805158	0	2	1_805158_805159_+
1	805199	0	1	1_805199_805200_+
1	805201	0	1	1_805201_805202_+
1	805228	0	1	1_805228_805229_+
1	805252	0	1	1_805252_805253_+
1	805273	0	2	1_805273_805274_+
1	805281	0	1	1_805281_805282_+
1	805283	0	1	1_805283_805284_+
1	805341	0	1	1_805341_805342_+
1	805377	0	2	1_805377_805378_+
1	805382	0	2	1_805382_805383_+
1	805403	0	1	1_805403_805404_+
1	805411	0	1	1_805411_805412_+
1	805428	0	1	1_805428_805429_+
1	805434	0	1	1_805434_805435_+
1	805436	0	1	1_805436_805437_+
1	805444	0	1	1_805444_805445_+
1	805449	0	1	1_805449_805450_+
1	805477	0	1	1_805477_805478_+
1	805479	0	1	1_805479_805480_+
1	805484	0	1	1_805484_805485_+
1	805519	0	1	1_805519_805520_+
1	805522	0	1	1_805522_805523_+
1	805554	0	2	1_805554_805555_+
1	805604	0	1	1_805604_805605_+
1	805606	0	2	1_805606_805607_+
1	805616	0	1	1_805616_805617_+
1	805627	0	1	1_805627_805628_+
1	805746	0	1	1_805746_805747_+
1	805942	0	1	1_805942_805943_+
1	806051	0	1	1_806051_806052_+
1	806231	0	1	1_806231_806232_+
1	807409	0	1	1_807409_807410_+
1	808748	0	2	1_808748_808749_+
1	809006	0	1	1_809006_809007_+
1	809352	0	1	1_809352_809353_+
1	809450	0	1	1_809450_809451_+
1	809509	0	1	1_809509_809510_+
1	810599	0	2	1_810599_810600_+
1	810603	0	2	1_810603_810604_+
1	811025	0	1	1_811025_811026_+
1	811166	0	3	1_811166_811167_+
1	811279	0	1	1_811279_811280_+
1	811285	0	2	1_811285_811286_+
1	811295	0	1	1_811295_811296_+
1	811348	0	1	1_811348_811349_+
1	811492	0	1	1_811492_811493_+
1	811532	0	1	1_811532_811533_+
1	811745	0	1	1_811745_811746_+
1	811759	0	2	1_811759_811760_+
1	812350	0	1	1_812350_812351_+
1	812539	0	1	1_812539_812540_+
1	814913	0	2	1_814913_814914_+
1	816074	0	4	1_816074_816075_+
1	820609	0	1	1_820609_820610_+
1	820709	1	2	1_820709_820710_+
1	821972	0	1	1_821972_821973_+
1	822360	0	2	1_822360_822361_+
1	822553	0	1	1_822553_822554_+
1	824091	1	2	1_824091_824092_+
1	825626	0	1	1_825626_825627_+
1	825735	0	1	1_825735_825736_+
1	825987	0	1	1_825987_825988_+
1	827468	0	1	1_827468_827469_+
1	828846	0	3	1_828846_828847_+
1	832261	0	2	1_832261_832262_+
1	832830	0	2	1_832830_832831_+
1	833196	0	1	1_833196_833197_+
1	833514	0	2	1_833514_833515_+
1	833536	0	1	1_833536_833537_+
1	833555	0	1	1_833555_833556_+
1	833565	0	1	1_833565_833566_+
1	833572	0	2	1_833572_833573_+
1	833593	0	1	1_833593_833594_+
1	833786	0	1	1_833786_833787_+
1	833806	0	1	1_833806_833807_+
1	833868	0	1	1_833868_833869_+
1	833896	0	1	1_833896_833897_+
1	833923	0	1	1_833923_833924_+
1	834259	0	1	1_834259_834260_+
1	834276	0	1	1_834276_834277_+
1	834295	0	1	1_834295_834296_+
1	834330	0	4	1_834330_834331_+
1	834338	0	2	1_834338_834339_+
1	834356	2	5	1_834356_834357_+
1	834358	0	5	1_834358_834359_+
1	834697	0	2	1_834697_834698_+
1	834767	0	3	1_834767_834768_+
1	834795	0	1	1_834795_834796_+
1	834914	0	1	1_834914_834915_+
1	834978	0	3	1_834978_834979_+
1	835044	0	1	1_835044_835045_+
1	835736	0	1	1_835736_835737_+
1	835766	0	1	1_835766_835767_+
1	836204	0	1	1_836204_836205_+
1	836295	0	2	1_836295_836296_+
1	836518	0	1	1_836518_836519_+
1	836578	0	3	1_836578_836579_+
1	836997	0	1	1_836997_836998_+
1	837042	0	1	1_837042_837043_+
1	837234	0	1	1_837234_837235_+
1	837541	0	4	1_837541_837542_+
1	837603	0	2	1_837603_837604_+
1	837616	0	2	1_837616_837617_+
1	837639	0	1	1_837639_837640_+
1	837717	0	2	1_837717_837718_+
1	837736	0	1	1_837736_837737_+
1	837885	0	1	1_837885_837886_+
1	837929	0	1	1_837929_837930_+
1	838049	0	1	1_838049_838050_+
1	838085	0	1	1_838085_838086_+
1	838108	1	1	1_838108_838109_+
1	838110	0	1	1_838110_838111_+
1	838308	0	1	1_838308_838309_+
1	838349	0	3	1_838349_838350_+
1	838352	0	3	1_838352_838353_+
1	838361	0	2	1_838361_838362_+
1	838368	0	2	1_838368_838369_+
1	838371	0	1	1_838371_838372_+
1	838377	0	1	1_838377_838378_+
1	838379	0	1	1_838379_838380_+
1	838382	0	2	1_838382_838383_+
1	838395	0	2	1_838395_838396_+
1	838564	0	2	1_838564_838565_+
1	838666	0	2	1_838666_838667_+
1	838687	0	2	1_838687_838688_+
1	838701	0	2	1_838701_838702_+
1	838873	0	1	1_838873_838874_+
1	838876	0	1	1_838876_838877_+
1	839106	0	2	1_839106_839107_+
1	839172	0	1	1_839172_839173_+
1	839245	0	3	1_839245_839246_+
1	839397	0	1	1_839397_839398_+
1	839435	1	2	1_839435_839436_+
1	839464	0	1	1_839464_839465_+
1	839516	0	1	1_839516_839517_+
1	839575	0	1	1_839575_839576_+
1	839618	0	1	1_839618_839619_+
1	839633	0	1	1_839633_839634_+
1	839701	0	1	1_839701_839702_+
1	839725	0	1	1_839725_839726_+
1	839738	0	3	1_839738_839739_+
1	839752	0	1	1_839752_839753_+
1	839780	0	1	1_839780_839781_+
1	839799	0	1	1_839799_839800_+
1	839847	0	1	1_839847_839848_+
1	839855	0	2	1_839855_839856_+
1	839867	0	1	1_839867_839868_+
1	840007	0	1	1_840007_840008_+
1	840013	0	1	1_840013_840014_+
1	840016	0	1	1_840016_840017_+
1	840025	0	2	1_840025_840026_+
1	840031	0	1	1_840031_840032_+
1	840047	0	1	1_840047_840048_+
1	840051	0	1	1_840051_840052_+
1	840057	0	2	1_840057_840058_+
1	840079	0	1	1_840079_840080_+
1	840085	0	2	1_840085_840086_+
1	840089	0	2	1_840089_840090_+
1	840095	0	2	1_840095_840096_+
1	840111	0	1	1_840111_840112_+
1	840117	0	1	1_840117_840118_+
1	840123	0	1	1_840123_840124_+
1	840132	0	1	1_840132_840133_+
1	840135	0	1	1_840135_840136_+
1	840142	0	2	1_840142_840143_+
1	840149	0	1	1_840149_840150_+
1	840162	0	1	1_840162_840163_+
1	840216	0	1	1_840216_840217_+
1	840219	0	1	1_840219_840220_+
1	840223	0	2	1_840223_840224_+
1	840231	0	1	1_840231_840232_+
1	840274	0	2	1_840274_840275_+
1	840279	0	3	1_840279_840280_+
1	840293	0	3	1_840293_840294_+
1	840295	0	4	1_840295_840296_+
1	840303	0	4	1_840303_840304_+
1	840313	0	5	1_840313_840314_+
1	840316	0	4	1_840316_840317_+
1	840319	0	2	1_840319_840320_+
1	840329	0	2	1_840329_840330_+
1	840331	0	3	1_840331_840332_+
1	840339	0	2	1_840339_840340_+
1	840357	0	1	1_840357_840358_+
1	840365	0	2	1_840365_840366_+
1	840374	0	1	1_840374_840375_+
1	840469	0	1	1_840469_840470_+
1	840473	0	1	1_840473_840474_+
1	840478	0	1	1_840478_840479_+
1	840504	0	4	1_840504_840505_+
1	840512	0	4	1_840512_840513_+
1	840514	0	3	1_840514_840515_+
1	840559	0	1	1_840559_840560_+
1	840563	0	1	1_840563_840564_+
1	840586	0	2	1_840586_840587_+
1	840596	0	2	1_840596_840597_+
1	840605	0	2	1_840605_840606_+
1	840611	0	2	1_840611_840612_+
1	840618	0	2	1_840618_840619_+
1	840680	0	3	1_840680_840681_+
1	840684	0	4	1_840684_840685_+
1	840723	0	1	1_840723_840724_+
1	840725	0	1	1_840725_840726_+
1	840748	0	2	1_840748_840749_+
1	840750	0	2	1_840750_840751_+
1	840816	0	1	1_840816_840817_+
1	840820	0	2	1_840820_840821_+
1	840846	0	3	1_840846_840847_+
1	840848	0	1	1_840848_840849_+
1	840879	0	2	1_840879_840880_+
1	840889	0	2	1_840889_840890_+
1	840913	0	2	1_840913_840914_+
1	840917	0	1	1_840917_840918_+
1	840922	0	2	1_840922_840923_+
1	840931	0	1	1_840931_840932_+
1	840944	0	1	1_840944_840945_+
1	841006	0	1	1_841006_841007_+
1	841008	0	1	1_841008_841009_+
1	841028	0	3	1_841028_841029_+
1	841145	0	1	1_841145_841146_+
1	841279	0	2	1_841279_841280_+
1	841289	0	3	1_841289_841290_+
1	841320	0	1	1_841320_841321_+
1	841365	0	4	1_841365_841366_+
1	841761	0	1	1_841761_841762_+
1	841763	0	1	1_841763_841764_+
1	842039	0	1	1_842039_842040_+
1	842096	0	2	1_842096_842097_+
1	842294	0	2	1_842294_842295_+
1	842431	0	1	1_842431_842432_+
1	843238	0	3	1_843238_843239_+
1	843641	0	2	1_843641_843642_+
1	843958	0	2	1_843958_843959_+
1	843966	0	2	1_843966_843967_+
1	844281	0	2	1_844281_844282_+
1	845201	0	1	1_845201_845202_+
1	845205	0	1	1_845205_845206_+
1	845251	0	1	1_845251_845252_+
1	845256	0	3	1_845256_845257_+
1	845271	0	1	1_845271_845272_+
1	845324	0	1	1_845324_845325_+
1	845336	0	1	1_845336_845337_+
1	845339	0	1	1_845339_845340_+
1	845364	0	2	1_845364_845365_+
1	845367	0	2	1_845367_845368_+
1	845370	0	2	1_845370_845371_+
1	845372	0	1	1_845372_845373_+
1	845408	0	4	1_845408_845409_+
1	845430	0	1	1_845430_845431_+
1	845441	0	1	1_845441_845442_+
1	845448	0	1	1_845448_845449_+
1	845458	0	1	1_845458_845459_+
1	845462	0	2	1_845462_845463_+
1	845464	0	2	1_845464_845465_+
1	845467	0	3	1_845467_845468_+
1	845469	0	3	1_845469_845470_+
1	845486	0	1	1_845486_845487_+
1	845489	0	1	1_845489_845490_+
1	845534	0	1	1_845534_845535_+
1	845545	0	2	1_845545_845546_+
1	845548	0	2	1_845548_845549_+
1	845550	0	2	1_845550_845551_+
1	845552	0	2	1_845552_845553_+
1	845554	0	2	1_845554_845555_+
1	845561	0	1	1_845561_845562_+
1	845573	0	2	1_845573_845574_+
1	845615	0	2	1_845615_845616_+
1	845630	0	2	1_845630_845631_+
1	845632	0	2	1_845632_845633_+
1	845636	0	2	1_845636_845637_+
1	845638	0	3	1_845638_845639_+
