#chrom	genomicpos	deaminated	total	bedcoord
1	10471	0	1	1_10471_10472_+
1	10497	0	4	1_10497_10498_+
1	10525	0	4	1_10525_10526_+
1	10563	0	1	1_10563_10564_+
1	10571	0	1	1_10571_10572_+
1	10589	0	1	1_10589_10590_+
1	16243	0	1	1_16243_16244_+
1	17478	0	1	1_17478_17479_+
1	17483	0	4	1_17483_17484_+
1	17492	0	4	1_17492_17493_+
1	94860	0	1	1_94860_94861_+
1	102988	0	1	1_102988_102989_+
1	133145	0	2	1_133145_133146_+
1	135178	0	1	1_135178_135179_+
1	135217	0	1	1_135217_135218_+
1	136730	0	2	1_136730_136731_+
1	525983	0	1	1_525983_525984_+
1	526714	0	1	1_526714_526715_+
1	529733	0	1	1_529733_529734_+
1	534190	1	1	1_534190_534191_+
1	540750	0	1	1_540750_540751_+
1	540808	0	1	1_540808_540809_+
1	540825	0	1	1_540825_540826_+
1	564501	0	1	1_564501_564502_+
1	564600	0	1	1_564600_564601_+
1	566731	0	1	1_566731_566732_+
1	566813	0	1	1_566813_566814_+
1	567014	0	2	1_567014_567015_+
1	567501	0	1	1_567501_567502_+
1	568400	0	1	1_568400_568401_+
1	568409	0	1	1_568409_568410_+
1	569081	0	1	1_569081_569082_+
1	586218	0	2	1_586218_586219_+
1	700075	0	1	1_700075_700076_+
1	700602	0	1	1_700602_700603_+
1	705870	0	2	1_705870_705871_+
1	705907	0	1	1_705907_705908_+
1	707095	0	1	1_707095_707096_+
1	712545	0	1	1_712545_712546_+
1	712995	0	1	1_712995_712996_+
1	713305	0	1	1_713305_713306_+
1	713388	0	1	1_713388_713389_+
1	713400	0	1	1_713400_713401_+
1	713901	0	1	1_713901_713902_+
1	713921	0	2	1_713921_713922_+
1	713985	0	1	1_713985_713986_+
1	714012	0	4	1_714012_714013_+
1	714021	0	3	1_714021_714022_+
1	714049	0	1	1_714049_714050_+
1	714052	0	2	1_714052_714053_+
1	714060	0	1	1_714060_714061_+
1	714083	0	1	1_714083_714084_+
1	714096	0	2	1_714096_714097_+
1	714137	0	2	1_714137_714138_+
1	714139	0	3	1_714139_714140_+
1	714167	0	1	1_714167_714168_+
1	714169	0	2	1_714169_714170_+
1	714177	0	2	1_714177_714178_+
1	714254	0	1	1_714254_714255_+
1	714258	0	1	1_714258_714259_+
1	714292	0	1	1_714292_714293_+
1	714307	0	1	1_714307_714308_+
1	714313	0	1	1_714313_714314_+
1	714317	0	1	1_714317_714318_+
1	714565	0	1	1_714565_714566_+
1	714660	0	2	1_714660_714661_+
1	715079	0	1	1_715079_715080_+
1	715083	0	2	1_715083_715084_+
1	715110	0	1	1_715110_715111_+
1	715121	0	1	1_715121_715122_+
1	715250	0	1	1_715250_715251_+
1	715283	0	1	1_715283_715284_+
1	715414	0	1	1_715414_715415_+
1	716050	0	1	1_716050_716051_+
1	716058	0	1	1_716058_716059_+
1	717601	0	1	1_717601_717602_+
1	724240	0	2	1_724240_724241_+
1	724246	0	2	1_724246_724247_+
1	724260	0	2	1_724260_724261_+
1	724806	0	3	1_724806_724807_+
1	725040	0	2	1_725040_725041_+
1	725871	0	1	1_725871_725872_+
1	726605	0	1	1_726605_726606_+
1	727204	0	3	1_727204_727205_+
1	728290	0	1	1_728290_728291_+
1	729339	0	1	1_729339_729340_+
1	731740	0	1	1_731740_731741_+
1	734327	0	1	1_734327_734328_+
1	736073	0	1	1_736073_736074_+
1	739545	0	1	1_739545_739546_+
1	740826	0	1	1_740826_740827_+
1	748508	0	1	1_748508_748509_+
1	752454	0	1	1_752454_752455_+
1	752495	0	1	1_752495_752496_+
1	752673	0	1	1_752673_752674_+
1	752696	0	1	1_752696_752697_+
1	752747	0	1	1_752747_752748_+
1	753376	0	1	1_753376_753377_+
1	753379	0	1	1_753379_753380_+
1	753666	0	1	1_753666_753667_+
1	754108	0	1	1_754108_754109_+
1	754185	0	2	1_754185_754186_+
1	754739	0	1	1_754739_754740_+
1	755523	0	1	1_755523_755524_+
1	755749	0	1	1_755749_755750_+
1	756395	0	3	1_756395_756396_+
1	756518	0	1	1_756518_756519_+
1	756558	0	5	1_756558_756559_+
1	756640	0	1	1_756640_756641_+
1	756885	0	1	1_756885_756886_+
1	757039	0	2	1_757039_757040_+
1	757153	0	3	1_757153_757154_+
1	757720	0	2	1_757720_757721_+
1	758243	0	2	1_758243_758244_+
1	758350	0	1	1_758350_758351_+
1	758829	0	1	1_758829_758830_+
1	758945	0	2	1_758945_758946_+
1	760140	0	1	1_760140_760141_+
1	760408	0	1	1_760408_760409_+
1	762113	0	1	1_762113_762114_+
1	762179	0	1	1_762179_762180_+
1	762244	0	1	1_762244_762245_+
1	762752	0	1	1_762752_762753_+
1	762806	0	1	1_762806_762807_+
1	762809	0	1	1_762809_762810_+
1	762865	0	2	1_762865_762866_+
1	762869	0	2	1_762869_762870_+
1	762882	0	1	1_762882_762883_+
1	762912	0	1	1_762912_762913_+
1	762915	0	1	1_762915_762916_+
1	762917	0	2	1_762917_762918_+
1	762919	0	2	1_762919_762920_+
1	762926	0	1	1_762926_762927_+
1	764411	0	1	1_764411_764412_+
1	766285	0	2	1_766285_766286_+
1	766377	0	1	1_766377_766378_+
1	766880	0	1	1_766880_766881_+
1	766946	0	1	1_766946_766947_+
1	767220	0	1	1_767220_767221_+
1	767253	0	1	1_767253_767254_+
1	767560	0	1	1_767560_767561_+
1	768049	0	1	1_768049_768050_+
1	768086	0	1	1_768086_768087_+
1	769251	0	2	1_769251_769252_+
1	769271	0	4	1_769271_769272_+
1	769890	0	2	1_769890_769891_+
1	769893	0	1	1_769893_769894_+
1	769950	0	1	1_769950_769951_+
1	770390	0	1	1_770390_770391_+
1	771741	0	1	1_771741_771742_+
1	772322	0	1	1_772322_772323_+
1	773936	0	1	1_773936_773937_+
1	776706	0	1	1_776706_776707_+
1	776861	0	1	1_776861_776862_+
1	776977	0	1	1_776977_776978_+
1	777013	0	3	1_777013_777014_+
1	777046	0	1	1_777046_777047_+
1	777241	0	1	1_777241_777242_+
1	777244	0	1	1_777244_777245_+
1	778111	0	1	1_778111_778112_+
1	778148	0	1	1_778148_778149_+
1	778443	0	1	1_778443_778444_+
1	778871	0	2	1_778871_778872_+
1	779077	0	1	1_779077_779078_+
1	779552	0	2	1_779552_779553_+
1	779582	0	1	1_779582_779583_+
1	780086	0	1	1_780086_780087_+
1	782245	0	1	1_782245_782246_+
1	782283	0	1	1_782283_782284_+
1	783649	0	1	1_783649_783650_+
1	784177	0	1	1_784177_784178_+
1	785059	0	1	1_785059_785060_+
1	785628	0	1	1_785628_785629_+
1	785802	0	1	1_785802_785803_+
1	788365	0	1	1_788365_788366_+
1	788373	0	2	1_788373_788374_+
1	788435	0	1	1_788435_788436_+
1	788487	0	2	1_788487_788488_+
1	788491	0	2	1_788491_788492_+
1	788503	0	2	1_788503_788504_+
1	789359	0	1	1_789359_789360_+
1	789876	0	1	1_789876_789877_+
1	790025	0	1	1_790025_790026_+
1	790463	0	1	1_790463_790464_+
1	790698	0	1	1_790698_790699_+
1	790748	0	1	1_790748_790749_+
1	791753	0	1	1_791753_791754_+
1	792126	1	1	1_792126_792127_+
1	792150	0	2	1_792150_792151_+
1	792185	0	2	1_792185_792186_+
1	792405	0	1	1_792405_792406_+
1	792496	0	3	1_792496_792497_+
1	792654	0	1	1_792654_792655_+
1	793962	0	1	1_793962_793963_+
1	794162	0	2	1_794162_794163_+
1	794230	0	2	1_794230_794231_+
1	796162	0	2	1_796162_796163_+
1	796328	0	1	1_796328_796329_+
1	797785	0	2	1_797785_797786_+
1	799085	0	1	1_799085_799086_+
1	799187	0	1	1_799187_799188_+
1	799550	0	1	1_799550_799551_+
1	801122	0	1	1_801122_801123_+
1	801595	0	1	1_801595_801596_+
1	801616	0	3	1_801616_801617_+
1	801819	0	1	1_801819_801820_+
1	801868	0	1	1_801868_801869_+
1	801875	0	1	1_801875_801876_+
1	801896	0	1	1_801896_801897_+
1	802386	0	1	1_802386_802387_+
1	802533	0	1	1_802533_802534_+
1	804432	0	1	1_804432_804433_+
1	804945	0	1	1_804945_804946_+
1	805102	0	1	1_805102_805103_+
1	805158	0	1	1_805158_805159_+
1	805214	0	1	1_805214_805215_+
1	805283	0	1	1_805283_805284_+
1	805382	0	1	1_805382_805383_+
1	805428	0	1	1_805428_805429_+
1	805436	0	1	1_805436_805437_+
1	805444	0	2	1_805444_805445_+
1	805449	0	4	1_805449_805450_+
1	805474	0	1	1_805474_805475_+
1	805477	0	1	1_805477_805478_+
1	805479	0	1	1_805479_805480_+
1	805484	0	1	1_805484_805485_+
1	805500	0	1	1_805500_805501_+
1	805519	0	2	1_805519_805520_+
1	805522	0	2	1_805522_805523_+
1	805538	0	2	1_805538_805539_+
1	805541	0	3	1_805541_805542_+
1	805554	0	2	1_805554_805555_+
1	805573	0	1	1_805573_805574_+
1	805616	0	2	1_805616_805617_+
1	805786	0	3	1_805786_805787_+
1	806120	0	1	1_806120_806121_+
1	808562	0	1	1_808562_808563_+
1	808584	0	1	1_808584_808585_+
1	808748	0	1	1_808748_808749_+
1	809332	0	1	1_809332_809333_+
1	809450	1	1	1_809450_809451_+
1	809509	0	1	1_809509_809510_+
1	809565	0	2	1_809565_809566_+
1	810599	0	1	1_810599_810600_+
1	811025	0	3	1_811025_811026_+
1	811295	0	1	1_811295_811296_+
1	811465	0	1	1_811465_811466_+
1	811492	0	1	1_811492_811493_+
1	811502	0	1	1_811502_811503_+
1	811745	0	1	1_811745_811746_+
1	811759	0	1	1_811759_811760_+
1	811775	0	1	1_811775_811776_+
1	812539	0	3	1_812539_812540_+
1	814887	0	3	1_814887_814888_+
1	814896	1	1	1_814896_814897_+
1	820609	0	2	1_820609_820610_+
1	820709	0	1	1_820709_820710_+
1	821972	0	2	1_821972_821973_+
1	822360	0	1	1_822360_822361_+
1	822553	0	1	1_822553_822554_+
1	827299	0	1	1_827299_827300_+
1	827468	0	1	1_827468_827469_+
1	829386	0	1	1_829386_829387_+
1	829787	0	3	1_829787_829788_+
1	832261	0	3	1_832261_832262_+
1	832479	0	1	1_832479_832480_+
1	832619	0	2	1_832619_832620_+
1	832830	0	2	1_832830_832831_+
1	833196	0	1	1_833196_833197_+
1	833347	0	1	1_833347_833348_+
1	833514	0	1	1_833514_833515_+
1	833555	0	1	1_833555_833556_+
1	833565	0	1	1_833565_833566_+
1	833572	0	1	1_833572_833573_+
1	833786	0	1	1_833786_833787_+
1	833868	0	1	1_833868_833869_+
1	833906	0	1	1_833906_833907_+
1	833923	0	1	1_833923_833924_+
1	833972	0	1	1_833972_833973_+
1	833978	0	1	1_833978_833979_+
1	834247	0	2	1_834247_834248_+
1	834259	0	2	1_834259_834260_+
1	834295	0	1	1_834295_834296_+
1	834330	0	2	1_834330_834331_+
1	834338	0	1	1_834338_834339_+
1	834356	0	3	1_834356_834357_+
1	834358	0	3	1_834358_834359_+
1	834697	0	2	1_834697_834698_+
1	834703	0	2	1_834703_834704_+
1	834767	0	1	1_834767_834768_+
1	834795	1	2	1_834795_834796_+
1	834914	0	1	1_834914_834915_+
1	834978	0	3	1_834978_834979_+
1	835044	0	1	1_835044_835045_+
1	835124	1	2	1_835124_835125_+
1	835444	0	2	1_835444_835445_+
1	835736	0	1	1_835736_835737_+
1	835923	0	1	1_835923_835924_+
1	836217	0	4	1_836217_836218_+
1	836295	0	1	1_836295_836296_+
1	836518	0	3	1_836518_836519_+
1	836536	0	2	1_836536_836537_+
1	836805	0	2	1_836805_836806_+
1	836997	0	2	1_836997_836998_+
1	837042	0	1	1_837042_837043_+
1	837541	0	1	1_837541_837542_+
1	837603	0	1	1_837603_837604_+
1	837639	0	2	1_837639_837640_+
1	837717	0	3	1_837717_837718_+
1	837736	0	1	1_837736_837737_+
1	837852	0	1	1_837852_837853_+
1	837891	0	2	1_837891_837892_+
1	838021	0	1	1_838021_838022_+
1	838049	0	1	1_838049_838050_+
1	838078	0	2	1_838078_838079_+
1	838085	0	2	1_838085_838086_+
1	838108	0	2	1_838108_838109_+
1	838110	0	2	1_838110_838111_+
1	838285	0	1	1_838285_838286_+
1	838295	0	1	1_838295_838296_+
1	838308	0	1	1_838308_838309_+
1	838349	1	3	1_838349_838350_+
1	838352	0	3	1_838352_838353_+
1	838368	0	1	1_838368_838369_+
1	838371	0	1	1_838371_838372_+
1	838377	0	2	1_838377_838378_+
1	838379	0	2	1_838379_838380_+
1	838427	0	1	1_838427_838428_+
1	838429	0	1	1_838429_838430_+
1	838435	0	1	1_838435_838436_+
1	838537	0	1	1_838537_838538_+
1	838666	0	4	1_838666_838667_+
1	838687	0	2	1_838687_838688_+
1	838701	0	3	1_838701_838702_+
1	838761	0	1	1_838761_838762_+
1	838785	0	1	1_838785_838786_+
1	838873	0	2	1_838873_838874_+
1	838876	0	3	1_838876_838877_+
1	838924	0	1	1_838924_838925_+
1	839106	0	1	1_839106_839107_+
1	839172	0	1	1_839172_839173_+
1	839207	0	2	1_839207_839208_+
1	839214	0	2	1_839214_839215_+
1	839245	0	3	1_839245_839246_+
1	839349	0	8	1_839349_839350_+
1	839355	0	6	1_839355_839356_+
1	839397	0	2	1_839397_839398_+
1	839435	1	1	1_839435_839436_+
1	839464	0	1	1_839464_839465_+
1	839508	0	1	1_839508_839509_+
1	839516	0	2	1_839516_839517_+
1	839575	0	3	1_839575_839576_+
1	839577	0	2	1_839577_839578_+
1	839618	0	1	1_839618_839619_+
1	839668	0	2	1_839668_839669_+
1	839695	0	2	1_839695_839696_+
1	839701	0	1	1_839701_839702_+
1	839725	0	2	1_839725_839726_+
1	839738	0	1	1_839738_839739_+
1	839780	0	1	1_839780_839781_+
1	839799	0	2	1_839799_839800_+
1	839811	0	4	1_839811_839812_+
1	839847	0	1	1_839847_839848_+
1	839855	0	1	1_839855_839856_+
1	839867	0	1	1_839867_839868_+
1	839889	0	1	1_839889_839890_+
1	839893	0	1	1_839893_839894_+
1	839991	0	1	1_839991_839992_+
1	840016	0	1	1_840016_840017_+
1	840025	0	3	1_840025_840026_+
1	840031	0	2	1_840031_840032_+
1	840047	0	1	1_840047_840048_+
1	840073	0	3	1_840073_840074_+
1	840079	0	2	1_840079_840080_+
1	840095	0	1	1_840095_840096_+
1	840107	0	1	1_840107_840108_+
1	840111	0	1	1_840111_840112_+
1	840135	0	1	1_840135_840136_+
1	840142	0	1	1_840142_840143_+
1	840206	0	1	1_840206_840207_+
1	840208	0	1	1_840208_840209_+
1	840210	0	1	1_840210_840211_+
1	840216	0	1	1_840216_840217_+
1	840223	0	1	1_840223_840224_+
1	840231	0	1	1_840231_840232_+
1	840274	0	2	1_840274_840275_+
1	840293	0	2	1_840293_840294_+
1	840295	0	2	1_840295_840296_+
1	840303	0	3	1_840303_840304_+
1	840313	0	2	1_840313_840314_+
1	840316	0	1	1_840316_840317_+
1	840329	0	1	1_840329_840330_+
1	840331	0	1	1_840331_840332_+
1	840339	0	1	1_840339_840340_+
1	840383	0	1	1_840383_840384_+
1	840413	0	1	1_840413_840414_+
1	840417	0	1	1_840417_840418_+
1	840422	0	1	1_840422_840423_+
1	840469	0	2	1_840469_840470_+
1	840473	0	1	1_840473_840474_+
1	840504	0	1	1_840504_840505_+
1	840529	0	2	1_840529_840530_+
1	840555	0	2	1_840555_840556_+
1	840559	0	2	1_840559_840560_+
1	840563	0	2	1_840563_840564_+
1	840586	0	2	1_840586_840587_+
1	840596	0	1	1_840596_840597_+
1	840605	0	3	1_840605_840606_+
1	840611	0	3	1_840611_840612_+
1	840618	0	1	1_840618_840619_+
1	840680	0	2	1_840680_840681_+
1	840684	0	3	1_840684_840685_+
1	840748	0	4	1_840748_840749_+
1	840750	0	4	1_840750_840751_+
1	840801	0	3	1_840801_840802_+
1	840820	0	1	1_840820_840821_+
1	840846	0	1	1_840846_840847_+
1	840848	0	1	1_840848_840849_+
1	840853	0	1	1_840853_840854_+
1	840856	0	1	1_840856_840857_+
1	840879	0	2	1_840879_840880_+
1	840889	0	2	1_840889_840890_+
1	840913	0	3	1_840913_840914_+
1	840917	0	3	1_840917_840918_+
1	840922	0	3	1_840922_840923_+
1	840931	0	1	1_840931_840932_+
1	840944	0	1	1_840944_840945_+
1	840990	0	5	1_840990_840991_+
1	841006	0	3	1_841006_841007_+
1	841008	0	3	1_841008_841009_+
1	841039	0	2	1_841039_841040_+
1	841067	0	3	1_841067_841068_+
1	841079	0	2	1_841079_841080_+
1	841115	0	3	1_841115_841116_+
1	841145	0	2	1_841145_841146_+
1	841279	0	1	1_841279_841280_+
1	841289	0	4	1_841289_841290_+
1	841365	0	2	1_841365_841366_+
1	841404	0	1	1_841404_841405_+
1	841476	0	1	1_841476_841477_+
1	841761	0	1	1_841761_841762_+
1	841763	0	1	1_841763_841764_+
1	842039	0	1	1_842039_842040_+
1	842096	0	2	1_842096_842097_+
1	842204	0	2	1_842204_842205_+
1	842209	0	2	1_842209_842210_+
1	842260	0	1	1_842260_842261_+
1	842294	0	1	1_842294_842295_+
1	842431	0	4	1_842431_842432_+
1	842865	0	2	1_842865_842866_+
1	843221	0	1	1_843221_843222_+
1	843238	0	3	1_843238_843239_+
1	843491	0	2	1_843491_843492_+
1	843641	0	1	1_843641_843642_+
1	843931	0	1	1_843931_843932_+
1	843958	0	1	1_843958_843959_+
1	844281	0	1	1_844281_844282_+
1	844404	0	1	1_844404_844405_+
1	844428	0	1	1_844428_844429_+
1	844435	0	1	1_844435_844436_+
1	844449	0	1	1_844449_844450_+
1	844715	0	1	1_844715_844716_+
1	844719	0	1	1_844719_844720_+
1	844791	0	1	1_844791_844792_+
1	844805	0	1	1_844805_844806_+
1	844809	0	1	1_844809_844810_+
1	845201	0	3	1_845201_845202_+
1	845205	0	3	1_845205_845206_+
1	845210	0	2	1_845210_845211_+
1	845247	0	2	1_845247_845248_+
1	845251	0	2	1_845251_845252_+
1	845256	0	1	1_845256_845257_+
1	845271	0	6	1_845271_845272_+
1	845324	0	1	1_845324_845325_+
1	845364	0	2	1_845364_845365_+
1	845370	0	1	1_845370_845371_+
1	845372	0	1	1_845372_845373_+
1	845376	0	1	1_845376_845377_+
1	845390	0	2	1_845390_845391_+
1	845408	0	1	1_845408_845409_+
1	845441	0	1	1_845441_845442_+
1	845446	0	2	1_845446_845447_+
1	845448	0	1	1_845448_845449_+
1	845458	0	2	1_845458_845459_+
1	845462	0	2	1_845462_845463_+
1	845464	0	1	1_845464_845465_+
1	845489	0	1	1_845489_845490_+
1	845513	0	1	1_845513_845514_+
1	845519	0	1	1_845519_845520_+
1	845521	0	1	1_845521_845522_+
1	845528	0	1	1_845528_845529_+
1	845534	0	2	1_845534_845535_+
1	845545	0	2	1_845545_845546_+
1	845548	0	2	1_845548_845549_+
1	845550	0	2	1_845550_845551_+
1	845552	0	1	1_845552_845553_+
1	845554	0	1	1_845554_845555_+
1	845573	0	2	1_845573_845574_+
1	845615	0	2	1_845615_845616_+
