#chrom	genomicpos	deaminated	total	bedcoord
1	10471	0	1	1_10471_10472_+
1	10484	0	4	1_10484_10485_+
1	10497	0	1	1_10497_10498_+
1	10563	0	1	1_10563_10564_+
1	10589	0	1	1_10589_10590_+
1	17478	0	1	1_17478_17479_+
1	17483	0	2	1_17483_17484_+
1	17492	0	2	1_17492_17493_+
1	52244	0	2	1_52244_52245_+
1	62082	0	1	1_62082_62083_+
1	62140	0	2	1_62140_62141_+
1	69558	0	1	1_69558_69559_+
1	87723	0	1	1_87723_87724_+
1	91267	0	1	1_91267_91268_+
1	102988	0	2	1_102988_102989_+
1	104196	0	1	1_104196_104197_+
1	109105	0	1	1_109105_109106_+
1	133180	0	2	1_133180_133181_+
1	135178	0	1	1_135178_135179_+
1	135207	0	1	1_135207_135208_+
1	139073	0	1	1_139073_139074_+
1	229621	0	3	1_229621_229622_+
1	526714	0	1	1_526714_526715_+
1	533220	0	1	1_533220_533221_+
1	564471	0	1	1_564471_564472_+
1	564516	0	1	1_564516_564517_+
1	565949	1	1	1_565949_565950_+
1	566995	0	1	1_566995_566996_+
1	567113	0	1	1_567113_567114_+
1	567122	0	1	1_567122_567123_+
1	567549	0	1	1_567549_567550_+
1	568469	0	1	1_568469_568470_+
1	568475	0	1	1_568475_568476_+
1	568715	0	1	1_568715_568716_+
1	569693	0	1	1_569693_569694_+
1	586218	0	1	1_586218_586219_+
1	604103	0	1	1_604103_604104_+
1	674361	0	1	1_674361_674362_+
1	706375	0	1	1_706375_706376_+
1	712545	0	2	1_712545_712546_+
1	713252	0	1	1_713252_713253_+
1	713388	0	1	1_713388_713389_+
1	713985	0	1	1_713985_713986_+
1	714049	0	1	1_714049_714050_+
1	714052	0	1	1_714052_714053_+
1	714076	0	2	1_714076_714077_+
1	714083	0	2	1_714083_714084_+
1	714096	0	1	1_714096_714097_+
1	715277	0	1	1_715277_715278_+
1	715283	0	2	1_715283_715284_+
1	715433	0	2	1_715433_715434_+
1	716050	0	2	1_716050_716051_+
1	716058	0	1	1_716058_716059_+
1	717601	0	1	1_717601_717602_+
1	724710	0	4	1_724710_724711_+
1	724806	0	1	1_724806_724807_+
1	725040	0	1	1_725040_725041_+
1	725346	0	2	1_725346_725347_+
1	725871	0	1	1_725871_725872_+
1	726904	0	1	1_726904_726905_+
1	729339	0	1	1_729339_729340_+
1	740743	0	1	1_740743_740744_+
1	747751	0	1	1_747751_747752_+
1	752495	0	2	1_752495_752496_+
1	752673	0	2	1_752673_752674_+
1	752696	0	2	1_752696_752697_+
1	753358	0	1	1_753358_753359_+
1	753370	0	1	1_753370_753371_+
1	753376	0	1	1_753376_753377_+
1	753379	0	1	1_753379_753380_+
1	754137	0	2	1_754137_754138_+
1	754153	0	1	1_754153_754154_+
1	754185	0	1	1_754185_754186_+
1	755523	0	1	1_755523_755524_+
1	755728	0	1	1_755728_755729_+
1	756395	0	1	1_756395_756396_+
1	756518	0	1	1_756518_756519_+
1	756558	0	2	1_756558_756559_+
1	756640	0	1	1_756640_756641_+
1	757039	0	1	1_757039_757040_+
1	757153	0	1	1_757153_757154_+
1	757199	0	3	1_757199_757200_+
1	757720	0	2	1_757720_757721_+
1	758163	0	1	1_758163_758164_+
1	758350	0	2	1_758350_758351_+
1	758829	0	1	1_758829_758830_+
1	758945	0	1	1_758945_758946_+
1	762179	0	2	1_762179_762180_+
1	762793	0	2	1_762793_762794_+
1	762809	0	1	1_762809_762810_+
1	762865	0	1	1_762865_762866_+
1	762869	0	1	1_762869_762870_+
1	762912	0	1	1_762912_762913_+
1	762915	0	1	1_762915_762916_+
1	762917	0	1	1_762917_762918_+
1	762966	0	1	1_762966_762967_+
1	767220	0	2	1_767220_767221_+
1	767253	0	2	1_767253_767254_+
1	767710	0	1	1_767710_767711_+
1	769251	0	1	1_769251_769252_+
1	769271	0	1	1_769271_769272_+
1	769890	0	2	1_769890_769891_+
1	769893	0	2	1_769893_769894_+
1	772957	0	1	1_772957_772958_+
1	775674	0	1	1_775674_775675_+
1	776644	0	1	1_776644_776645_+
1	776861	0	2	1_776861_776862_+
1	778111	0	1	1_778111_778112_+
1	778330	0	1	1_778330_778331_+
1	778600	0	1	1_778600_778601_+
1	778777	0	1	1_778777_778778_+
1	778780	0	1	1_778780_778781_+
1	779582	0	1	1_779582_779583_+
1	780086	0	2	1_780086_780087_+
1	780101	0	1	1_780101_780102_+
1	782862	0	1	1_782862_782863_+
1	783095	0	1	1_783095_783096_+
1	783128	0	1	1_783128_783129_+
1	784177	0	1	1_784177_784178_+
1	784411	0	1	1_784411_784412_+
1	785059	0	2	1_785059_785060_+
1	785073	0	1	1_785073_785074_+
1	785628	0	1	1_785628_785629_+
1	785635	0	1	1_785635_785636_+
1	785802	0	2	1_785802_785803_+
1	787421	0	1	1_787421_787422_+
1	787423	0	1	1_787423_787424_+
1	789876	0	3	1_789876_789877_+
1	790035	0	1	1_790035_790036_+
1	790463	0	1	1_790463_790464_+
1	790748	0	1	1_790748_790749_+
1	791753	0	1	1_791753_791754_+
1	792126	0	2	1_792126_792127_+
1	792150	0	1	1_792150_792151_+
1	792185	0	1	1_792185_792186_+
1	792496	0	1	1_792496_792497_+
1	793920	0	1	1_793920_793921_+
1	794419	0	2	1_794419_794420_+
1	796162	0	1	1_796162_796163_+
1	796328	0	1	1_796328_796329_+
1	796361	0	1	1_796361_796362_+
1	796521	0	1	1_796521_796522_+
1	797785	0	1	1_797785_797786_+
1	799187	0	3	1_799187_799188_+
1	801595	0	1	1_801595_801596_+
1	801616	1	3	1_801616_801617_+
1	801850	0	2	1_801850_801851_+
1	801868	0	1	1_801868_801869_+
1	801875	0	1	1_801875_801876_+
1	801916	0	1	1_801916_801917_+
1	802533	0	2	1_802533_802534_+
1	802819	0	1	1_802819_802820_+
1	802922	0	1	1_802922_802923_+
1	803078	0	1	1_803078_803079_+
1	804432	0	1	1_804432_804433_+
1	804945	0	1	1_804945_804946_+
1	804999	0	1	1_804999_805000_+
1	805214	0	1	1_805214_805215_+
1	805281	0	1	1_805281_805282_+
1	805283	0	1	1_805283_805284_+
1	805289	0	1	1_805289_805290_+
1	805295	0	1	1_805295_805296_+
1	805312	0	1	1_805312_805313_+
1	805377	0	1	1_805377_805378_+
1	805382	0	1	1_805382_805383_+
1	805403	0	1	1_805403_805404_+
1	805411	0	1	1_805411_805412_+
1	805444	0	1	1_805444_805445_+
1	805449	0	1	1_805449_805450_+
1	805467	0	3	1_805467_805468_+
1	805474	0	3	1_805474_805475_+
1	805477	0	2	1_805477_805478_+
1	805479	0	2	1_805479_805480_+
1	805484	0	1	1_805484_805485_+
1	805538	0	1	1_805538_805539_+
1	805541	0	1	1_805541_805542_+
1	805627	0	1	1_805627_805628_+
1	805786	0	1	1_805786_805787_+
1	807409	0	1	1_807409_807410_+
1	808468	0	1	1_808468_808469_+
1	809006	1	2	1_809006_809007_+
1	809315	0	1	1_809315_809316_+
1	809319	0	1	1_809319_809320_+
1	809594	0	1	1_809594_809595_+
1	811025	0	3	1_811025_811026_+
1	811166	0	1	1_811166_811167_+
1	811279	0	2	1_811279_811280_+
1	811285	0	2	1_811285_811286_+
1	811295	0	2	1_811295_811296_+
1	811348	0	1	1_811348_811349_+
1	811532	0	1	1_811532_811533_+
1	811745	0	2	1_811745_811746_+
1	811759	0	4	1_811759_811760_+
1	811775	0	1	1_811775_811776_+
1	812539	0	1	1_812539_812540_+
1	814887	0	2	1_814887_814888_+
1	814896	0	3	1_814896_814897_+
1	820609	0	1	1_820609_820610_+
1	821972	0	1	1_821972_821973_+
1	822360	0	1	1_822360_822361_+
1	822553	0	1	1_822553_822554_+
1	825626	0	1	1_825626_825627_+
1	825987	0	1	1_825987_825988_+
1	826988	0	1	1_826988_826989_+
1	827204	0	2	1_827204_827205_+
1	828424	0	1	1_828424_828425_+
1	828846	0	1	1_828846_828847_+
1	829660	0	1	1_829660_829661_+
1	829787	0	1	1_829787_829788_+
1	830496	1	1	1_830496_830497_+
1	830533	0	1	1_830533_830534_+
1	832479	0	2	1_832479_832480_+
1	832830	0	1	1_832830_832831_+
1	833157	0	2	1_833157_833158_+
1	833166	0	1	1_833166_833167_+
1	833196	0	3	1_833196_833197_+
1	833514	0	1	1_833514_833515_+
1	833536	0	1	1_833536_833537_+
1	833593	0	1	1_833593_833594_+
1	833806	0	3	1_833806_833807_+
1	833906	0	1	1_833906_833907_+
1	834247	0	1	1_834247_834248_+
1	834259	0	1	1_834259_834260_+
1	834276	0	2	1_834276_834277_+
1	834295	0	2	1_834295_834296_+
1	834330	0	2	1_834330_834331_+
1	834338	0	3	1_834338_834339_+
1	834356	0	2	1_834356_834357_+
1	834358	0	1	1_834358_834359_+
1	834697	0	2	1_834697_834698_+
1	834703	0	1	1_834703_834704_+
1	834767	0	2	1_834767_834768_+
1	834914	0	1	1_834914_834915_+
1	834978	0	1	1_834978_834979_+
1	835044	0	1	1_835044_835045_+
1	835124	0	1	1_835124_835125_+
1	835444	0	1	1_835444_835445_+
1	835766	0	3	1_835766_835767_+
1	836204	0	1	1_836204_836205_+
1	836217	0	1	1_836217_836218_+
1	836295	0	1	1_836295_836296_+
1	836518	0	2	1_836518_836519_+
1	836536	0	4	1_836536_836537_+
1	836967	0	1	1_836967_836968_+
1	836997	0	1	1_836997_836998_+
1	837541	0	1	1_837541_837542_+
1	837603	0	2	1_837603_837604_+
1	837717	0	2	1_837717_837718_+
1	837736	0	2	1_837736_837737_+
1	837885	0	1	1_837885_837886_+
1	837891	0	1	1_837891_837892_+
1	838078	0	1	1_838078_838079_+
1	838085	0	1	1_838085_838086_+
1	838108	0	2	1_838108_838109_+
1	838110	0	2	1_838110_838111_+
1	838275	0	1	1_838275_838276_+
1	838295	0	1	1_838295_838296_+
1	838302	0	3	1_838302_838303_+
1	838308	0	3	1_838308_838309_+
1	838349	0	1	1_838349_838350_+
1	838361	0	1	1_838361_838362_+
1	838368	0	3	1_838368_838369_+
1	838371	0	3	1_838371_838372_+
1	838377	0	2	1_838377_838378_+
1	838379	0	4	1_838379_838380_+
1	838382	1	4	1_838382_838383_+
1	838395	0	2	1_838395_838396_+
1	838427	0	1	1_838427_838428_+
1	838429	0	1	1_838429_838430_+
1	838435	0	1	1_838435_838436_+
1	838537	0	1	1_838537_838538_+
1	838666	0	2	1_838666_838667_+
1	838687	0	1	1_838687_838688_+
1	838761	1	1	1_838761_838762_+
1	838785	0	3	1_838785_838786_+
1	838873	0	1	1_838873_838874_+
1	838876	0	1	1_838876_838877_+
1	838924	0	1	1_838924_838925_+
1	839106	0	1	1_839106_839107_+
1	839172	0	1	1_839172_839173_+
1	839207	0	2	1_839207_839208_+
1	839214	0	1	1_839214_839215_+
1	839245	0	1	1_839245_839246_+
1	839355	0	1	1_839355_839356_+
1	839397	0	1	1_839397_839398_+
1	839464	0	2	1_839464_839465_+
1	839508	0	2	1_839508_839509_+
1	839516	0	1	1_839516_839517_+
1	839575	0	2	1_839575_839576_+
1	839577	0	1	1_839577_839578_+
1	839633	0	2	1_839633_839634_+
1	839695	0	1	1_839695_839696_+
1	839738	0	3	1_839738_839739_+
1	839780	0	3	1_839780_839781_+
1	839799	0	1	1_839799_839800_+
1	839805	0	1	1_839805_839806_+
1	839811	0	1	1_839811_839812_+
1	839847	0	1	1_839847_839848_+
1	839871	0	1	1_839871_839872_+
1	839877	0	1	1_839877_839878_+
1	839927	0	1	1_839927_839928_+
1	839953	0	1	1_839953_839954_+
1	839965	0	1	1_839965_839966_+
1	839987	0	1	1_839987_839988_+
1	839991	0	1	1_839991_839992_+
1	840031	0	1	1_840031_840032_+
1	840051	0	1	1_840051_840052_+
1	840057	0	1	1_840057_840058_+
1	840073	0	3	1_840073_840074_+
1	840079	0	1	1_840079_840080_+
1	840085	0	1	1_840085_840086_+
1	840089	0	2	1_840089_840090_+
1	840095	0	2	1_840095_840096_+
1	840231	0	2	1_840231_840232_+
1	840236	0	2	1_840236_840237_+
1	840239	0	1	1_840239_840240_+
1	840293	0	3	1_840293_840294_+
1	840295	0	4	1_840295_840296_+
1	840303	0	1	1_840303_840304_+
1	840313	0	3	1_840313_840314_+
1	840316	0	3	1_840316_840317_+
1	840319	0	3	1_840319_840320_+
1	840339	0	1	1_840339_840340_+
1	840555	0	1	1_840555_840556_+
1	840596	0	3	1_840596_840597_+
1	840605	0	3	1_840605_840606_+
1	840611	0	2	1_840611_840612_+
1	840618	0	1	1_840618_840619_+
1	840723	0	1	1_840723_840724_+
1	840725	0	2	1_840725_840726_+
1	840733	0	1	1_840733_840734_+
1	840801	0	1	1_840801_840802_+
1	840846	0	3	1_840846_840847_+
1	840848	0	2	1_840848_840849_+
1	840853	0	3	1_840853_840854_+
1	840856	0	3	1_840856_840857_+
1	840879	0	3	1_840879_840880_+
1	840889	0	2	1_840889_840890_+
1	840913	0	4	1_840913_840914_+
1	840917	0	4	1_840917_840918_+
1	840922	0	3	1_840922_840923_+
1	840931	0	1	1_840931_840932_+
1	840990	0	2	1_840990_840991_+
1	841006	0	1	1_841006_841007_+
1	841008	0	1	1_841008_841009_+
1	841039	0	2	1_841039_841040_+
1	841067	0	1	1_841067_841068_+
1	841079	0	1	1_841079_841080_+
1	841145	0	1	1_841145_841146_+
1	841279	0	1	1_841279_841280_+
1	841289	0	2	1_841289_841290_+
1	841320	1	2	1_841320_841321_+
1	841365	0	1	1_841365_841366_+
1	841404	1	1	1_841404_841405_+
1	841761	0	1	1_841761_841762_+
1	841763	0	1	1_841763_841764_+
1	842039	0	1	1_842039_842040_+
1	842096	0	1	1_842096_842097_+
1	842204	0	2	1_842204_842205_+
1	842209	0	1	1_842209_842210_+
1	842260	0	1	1_842260_842261_+
1	843221	0	3	1_843221_843222_+
1	843238	0	2	1_843238_843239_+
1	843641	0	1	1_843641_843642_+
1	843931	0	1	1_843931_843932_+
1	843966	0	1	1_843966_843967_+
1	844281	0	2	1_844281_844282_+
1	845247	0	1	1_845247_845248_+
1	845251	0	1	1_845251_845252_+
1	845256	0	2	1_845256_845257_+
1	845271	0	1	1_845271_845272_+
1	845324	0	1	1_845324_845325_+
1	845364	0	1	1_845364_845365_+
1	845367	0	1	1_845367_845368_+
1	845370	0	1	1_845370_845371_+
1	845372	0	1	1_845372_845373_+
1	845441	0	1	1_845441_845442_+
1	845446	0	2	1_845446_845447_+
1	845448	0	1	1_845448_845449_+
1	845458	0	1	1_845458_845459_+
1	845486	0	1	1_845486_845487_+
1	845489	0	1	1_845489_845490_+
1	845513	0	1	1_845513_845514_+
1	845519	0	1	1_845519_845520_+
1	845521	0	1	1_845521_845522_+
1	845528	0	1	1_845528_845529_+
1	845534	0	1	1_845534_845535_+
1	845561	0	1	1_845561_845562_+
1	845615	0	3	1_845615_845616_+
1	845630	0	3	1_845630_845631_+
1	845632	0	3	1_845632_845633_+
1	845636	0	2	1_845636_845637_+
1	845638	0	2	1_845638_845639_+
1	845668	0	1	1_845668_845669_+
1	845727	0	1	1_845727_845728_+
1	845737	0	1	1_845737_845738_+
1	845752	0	3	1_845752_845753_+
1	845758	0	2	1_845758_845759_+
1	845810	0	1	1_845810_845811_+
1	845829	0	1	1_845829_845830_+
1	845877	0	1	1_845877_845878_+
1	845935	0	1	1_845935_845936_+
1	845991	0	2	1_845991_845992_+
1	846056	0	1	1_846056_846057_+
1	846142	0	2	1_846142_846143_+
1	846151	0	2	1_846151_846152_+
1	846155	0	1	1_846155_846156_+
1	846354	0	2	1_846354_846355_+
1	846507	0	1	1_846507_846508_+
1	846556	0	2	1_846556_846557_+
1	846637	0	1	1_846637_846638_+
1	846744	0	1	1_846744_846745_+
1	846824	0	1	1_846824_846825_+
1	846857	0	2	1_846857_846858_+
1	846889	0	4	1_846889_846890_+
1	846919	0	2	1_846919_846920_+
1	847457	0	2	1_847457_847458_+
1	847660	0	1	1_847660_847661_+
1	847784	0	1	1_847784_847785_+
1	847816	0	1	1_847816_847817_+
1	848126	0	1	1_848126_848127_+
1	848256	0	2	1_848256_848257_+
1	848467	0	3	1_848467_848468_+
1	848481	0	1	1_848481_848482_+
1	848493	0	3	1_848493_848494_+
1	848523	0	2	1_848523_848524_+
1	848609	0	3	1_848609_848610_+
1	849084	0	3	1_849084_849085_+
1	849098	0	1	1_849098_849099_+
1	849137	0	2	1_849137_849138_+
1	849207	0	1	1_849207_849208_+
1	849413	0	3	1_849413_849414_+
1	849730	0	3	1_849730_849731_+
1	849860	0	2	1_849860_849861_+
1	850051	0	2	1_850051_850052_+
1	850196	0	1	1_850196_850197_+
1	850252	0	2	1_850252_850253_+
1	850429	0	1	1_850429_850430_+
1	850704	0	2	1_850704_850705_+
1	850756	0	2	1_850756_850757_+
1	850762	0	1	1_850762_850763_+
1	850803	0	1	1_850803_850804_+
1	850885	0	4	1_850885_850886_+
1	850906	0	2	1_850906_850907_+
1	850928	0	1	1_850928_850929_+
1	851008	0	1	1_851008_851009_+
1	851333	0	1	1_851333_851334_+
1	851520	0	3	1_851520_851521_+
1	851619	0	1	1_851619_851620_+
1	851772	0	1	1_851772_851773_+
1	851800	0	1	1_851800_851801_+
1	851812	0	2	1_851812_851813_+
1	852005	0	1	1_852005_852006_+
1	852099	0	2	1_852099_852100_+
1	852139	0	1	1_852139_852140_+
1	852694	0	1	1_852694_852695_+
1	852705	0	3	1_852705_852706_+
1	852839	0	1	1_852839_852840_+
1	853056	0	1	1_853056_853057_+
1	853082	0	4	1_853082_853083_+
1	853190	0	3	1_853190_853191_+
1	853216	0	2	1_853216_853217_+
1	853350	0	1	1_853350_853351_+
1	853373	0	3	1_853373_853374_+
1	853681	0	2	1_853681_853682_+
1	853769	0	1	1_853769_853770_+
1	853794	0	2	1_853794_853795_+
1	853820	0	1	1_853820_853821_+
1	853825	0	3	1_853825_853826_+
1	853836	0	1	1_853836_853837_+
1	853925	0	1	1_853925_853926_+
1	853989	0	4	1_853989_853990_+
1	853995	0	3	1_853995_853996_+
1	854081	0	2	1_854081_854082_+
1	854279	0	1	1_854279_854280_+
1	854668	0	1	1_854668_854669_+
1	854710	0	1	1_854710_854711_+
1	854806	0	2	1_854806_854807_+
1	854824	0	4	1_854824_854825_+
1	854876	0	1	1_854876_854877_+
1	854912	0	1	1_854912_854913_+
1	854972	0	1	1_854972_854973_+
1	855025	0	1	1_855025_855026_+
1	855070	0	1	1_855070_855071_+
1	855193	0	2	1_855193_855194_+
1	855472	0	1	1_855472_855473_+
1	855486	0	1	1_855486_855487_+
1	856047	0	1	1_856047_856048_+
1	856261	0	1	1_856261_856262_+
1	856466	0	1	1_856466_856467_+
1	856472	0	1	1_856472_856473_+
1	856479	0	1	1_856479_856480_+
1	856492	0	2	1_856492_856493_+
1	856502	0	1	1_856502_856503_+
1	856585	0	1	1_856585_856586_+
1	856588	0	1	1_856588_856589_+
1	856678	0	1	1_856678_856679_+
1	856753	0	3	1_856753_856754_+
1	856764	0	3	1_856764_856765_+
