#chrom	genomicpos	deaminated	total	bedcoord
1	10497	0	1	1_10497_10498_+
1	10525	0	2	1_10525_10526_+
1	10563	0	1	1_10563_10564_+
1	10811	0	1	1_10811_10812_+
1	10813	0	1	1_10813_10814_+
1	10816	0	1	1_10816_10817_+
1	10832	0	1	1_10832_10833_+
1	15882	0	1	1_15882_15883_+
1	15912	0	1	1_15912_15913_+
1	16243	0	2	1_16243_16244_+
1	17478	0	2	1_17478_17479_+
1	17483	0	2	1_17483_17484_+
1	17492	0	4	1_17492_17493_+
1	17562	0	1	1_17562_17563_+
1	51969	0	1	1_51969_51970_+
1	63197	0	1	1_63197_63198_+
1	69591	0	1	1_69591_69592_+
1	133145	0	1	1_133145_133146_+
1	135178	0	1	1_135178_135179_+
1	136797	0	1	1_136797_136798_+
1	136944	0	1	1_136944_136945_+
1	139073	0	2	1_139073_139074_+
1	229661	1	1	1_229661_229662_+
1	229665	0	1	1_229665_229666_+
1	233450	0	3	1_233450_233451_+
1	526061	0	1	1_526061_526062_+
1	526065	0	2	1_526065_526066_+
1	533127	0	1	1_533127_533128_+
1	533234	0	1	1_533234_533235_+
1	534190	0	3	1_534190_534191_+
1	537528	0	1	1_537528_537529_+
1	564471	0	1	1_564471_564472_+
1	564501	0	1	1_564501_564502_+
1	564925	0	1	1_564925_564926_+
1	566813	0	1	1_566813_566814_+
1	566995	0	1	1_566995_566996_+
1	567113	0	1	1_567113_567114_+
1	568380	0	1	1_568380_568381_+
1	568409	0	1	1_568409_568410_+
1	568469	0	1	1_568469_568470_+
1	569271	0	1	1_569271_569272_+
1	575855	0	1	1_575855_575856_+
1	626233	0	1	1_626233_626234_+
1	637754	0	2	1_637754_637755_+
1	701859	0	1	1_701859_701860_+
1	705870	0	2	1_705870_705871_+
1	705907	0	3	1_705907_705908_+
1	707095	0	2	1_707095_707096_+
1	713200	0	1	1_713200_713201_+
1	713205	1	1	1_713205_713206_+
1	713317	0	1	1_713317_713318_+
1	713388	0	1	1_713388_713389_+
1	713400	1	1	1_713400_713401_+
1	713447	0	1	1_713447_713448_+
1	713901	0	1	1_713901_713902_+
1	714052	0	1	1_714052_714053_+
1	714060	0	1	1_714060_714061_+
1	714071	0	1	1_714071_714072_+
1	714076	0	2	1_714076_714077_+
1	714083	0	2	1_714083_714084_+
1	714096	0	1	1_714096_714097_+
1	714137	0	2	1_714137_714138_+
1	714139	0	1	1_714139_714140_+
1	714254	0	1	1_714254_714255_+
1	714261	0	1	1_714261_714262_+
1	714264	0	2	1_714264_714265_+
1	714292	0	1	1_714292_714293_+
1	714307	0	1	1_714307_714308_+
1	714313	0	1	1_714313_714314_+
1	714520	0	1	1_714520_714521_+
1	714660	0	1	1_714660_714661_+
1	715083	0	1	1_715083_715084_+
1	715110	0	1	1_715110_715111_+
1	715250	0	2	1_715250_715251_+
1	715277	0	1	1_715277_715278_+
1	715283	0	1	1_715283_715284_+
1	715389	0	2	1_715389_715390_+
1	715391	0	1	1_715391_715392_+
1	715433	0	1	1_715433_715434_+
1	716050	0	1	1_716050_716051_+
1	718572	0	2	1_718572_718573_+
1	724240	0	2	1_724240_724241_+
1	724246	0	1	1_724246_724247_+
1	724260	1	4	1_724260_724261_+
1	724710	0	3	1_724710_724711_+
1	724806	0	1	1_724806_724807_+
1	725056	0	1	1_725056_725057_+
1	725346	0	1	1_725346_725347_+
1	725871	0	2	1_725871_725872_+
1	726605	0	1	1_726605_726606_+
1	729339	0	1	1_729339_729340_+
1	734327	0	2	1_734327_734328_+
1	739377	0	1	1_739377_739378_+
1	742317	0	1	1_742317_742318_+
1	748480	0	1	1_748480_748481_+
1	752673	0	1	1_752673_752674_+
1	752696	0	2	1_752696_752697_+
1	752747	0	1	1_752747_752748_+
1	753370	0	1	1_753370_753371_+
1	753376	0	2	1_753376_753377_+
1	753379	0	1	1_753379_753380_+
1	753666	0	2	1_753666_753667_+
1	754108	0	2	1_754108_754109_+
1	754153	0	2	1_754153_754154_+
1	754906	0	1	1_754906_754907_+
1	755523	0	3	1_755523_755524_+
1	755728	0	2	1_755728_755729_+
1	755749	0	1	1_755749_755750_+
1	755903	0	1	1_755903_755904_+
1	756395	0	2	1_756395_756396_+
1	756453	0	2	1_756453_756454_+
1	756518	0	5	1_756518_756519_+
1	756558	0	1	1_756558_756559_+
1	756640	0	2	1_756640_756641_+
1	756885	0	3	1_756885_756886_+
1	757153	0	1	1_757153_757154_+
1	757199	0	1	1_757199_757200_+
1	757720	0	4	1_757720_757721_+
1	758163	0	1	1_758163_758164_+
1	758243	0	3	1_758243_758244_+
1	758628	0	1	1_758628_758629_+
1	758945	0	4	1_758945_758946_+
1	761298	0	2	1_761298_761299_+
1	761370	0	3	1_761370_761371_+
1	762113	0	2	1_762113_762114_+
1	762594	0	1	1_762594_762595_+
1	762596	0	1	1_762596_762597_+
1	762598	0	1	1_762598_762599_+
1	762806	0	1	1_762806_762807_+
1	762809	0	2	1_762809_762810_+
1	762882	0	1	1_762882_762883_+
1	762891	0	1	1_762891_762892_+
1	762912	0	1	1_762912_762913_+
1	762917	0	1	1_762917_762918_+
1	762919	0	1	1_762919_762920_+
1	762926	0	1	1_762926_762927_+
1	762972	0	1	1_762972_762973_+
1	762977	0	1	1_762977_762978_+
1	763814	0	1	1_763814_763815_+
1	764722	0	1	1_764722_764723_+
1	767097	0	1	1_767097_767098_+
1	767220	0	2	1_767220_767221_+
1	767560	0	2	1_767560_767561_+
1	767605	0	1	1_767605_767606_+
1	767710	0	2	1_767710_767711_+
1	767864	0	1	1_767864_767865_+
1	768049	0	4	1_768049_768050_+
1	769271	0	1	1_769271_769272_+
1	769630	0	1	1_769630_769631_+
1	769890	0	4	1_769890_769891_+
1	769893	0	3	1_769893_769894_+
1	770368	0	1	1_770368_770369_+
1	772383	0	1	1_772383_772384_+
1	773936	0	1	1_773936_773937_+
1	776599	0	1	1_776599_776600_+
1	776644	0	1	1_776644_776645_+
1	776861	0	1	1_776861_776862_+
1	777013	0	1	1_777013_777014_+
1	777244	0	1	1_777244_777245_+
1	778148	0	2	1_778148_778149_+
1	778743	0	1	1_778743_778744_+
1	778777	0	1	1_778777_778778_+
1	778780	0	1	1_778780_778781_+
1	778871	0	1	1_778871_778872_+
1	779107	0	1	1_779107_779108_+
1	779548	0	2	1_779548_779549_+
1	779552	0	2	1_779552_779553_+
1	780086	0	1	1_780086_780087_+
1	780325	0	2	1_780325_780326_+
1	782245	0	4	1_782245_782246_+
1	782283	0	1	1_782283_782284_+
1	782862	0	1	1_782862_782863_+
1	783005	0	1	1_783005_783006_+
1	783649	0	2	1_783649_783650_+
1	785059	0	1	1_785059_785060_+
1	785073	0	1	1_785073_785074_+
1	785223	0	1	1_785223_785224_+
1	785628	0	2	1_785628_785629_+
1	785635	0	1	1_785635_785636_+
1	785802	0	1	1_785802_785803_+
1	788365	0	1	1_788365_788366_+
1	788435	0	1	1_788435_788436_+
1	788487	0	3	1_788487_788488_+
1	788491	0	1	1_788491_788492_+
1	788503	0	1	1_788503_788504_+
1	788531	0	1	1_788531_788532_+
1	788533	0	1	1_788533_788534_+
1	789259	0	1	1_789259_789260_+
1	790025	0	2	1_790025_790026_+
1	790035	0	2	1_790035_790036_+
1	790463	0	2	1_790463_790464_+
1	791753	0	1	1_791753_791754_+
1	792496	0	1	1_792496_792497_+
1	793920	0	1	1_793920_793921_+
1	793962	0	2	1_793962_793963_+
1	794162	0	1	1_794162_794163_+
1	794230	0	2	1_794230_794231_+
1	795036	0	3	1_795036_795037_+
1	795725	0	1	1_795725_795726_+
1	796076	0	1	1_796076_796077_+
1	796203	0	1	1_796203_796204_+
1	796328	0	1	1_796328_796329_+
1	796361	0	1	1_796361_796362_+
1	797785	0	1	1_797785_797786_+
1	797889	0	1	1_797889_797890_+
1	799187	0	1	1_799187_799188_+
1	799419	0	1	1_799419_799420_+
1	801290	0	2	1_801290_801291_+
1	801595	0	1	1_801595_801596_+
1	801616	0	1	1_801616_801617_+
1	801819	0	1	1_801819_801820_+
1	801850	0	2	1_801850_801851_+
1	801875	0	1	1_801875_801876_+
1	801896	0	2	1_801896_801897_+
1	802523	0	2	1_802523_802524_+
1	802533	0	2	1_802533_802534_+
1	802584	0	2	1_802584_802585_+
1	802819	0	1	1_802819_802820_+
1	804912	0	1	1_804912_804913_+
1	804945	0	1	1_804945_804946_+
1	805102	0	2	1_805102_805103_+
1	805199	0	2	1_805199_805200_+
1	805201	0	2	1_805201_805202_+
1	805214	0	4	1_805214_805215_+
1	805228	0	1	1_805228_805229_+
1	805230	0	1	1_805230_805231_+
1	805341	0	2	1_805341_805342_+
1	805352	0	1	1_805352_805353_+
1	805377	0	1	1_805377_805378_+
1	805467	0	2	1_805467_805468_+
1	805474	0	2	1_805474_805475_+
1	805477	0	3	1_805477_805478_+
1	805479	0	3	1_805479_805480_+
1	805484	0	4	1_805484_805485_+
1	805538	0	1	1_805538_805539_+
1	805541	0	2	1_805541_805542_+
1	805573	0	1	1_805573_805574_+
1	805604	0	3	1_805604_805605_+
1	805606	0	3	1_805606_805607_+
1	805616	0	2	1_805616_805617_+
1	805627	0	3	1_805627_805628_+
1	805746	0	4	1_805746_805747_+
1	805786	0	5	1_805786_805787_+
1	806120	0	1	1_806120_806121_+
1	808562	0	3	1_808562_808563_+
1	808946	0	1	1_808946_808947_+
1	809450	0	1	1_809450_809451_+
1	809590	0	1	1_809590_809591_+
1	809594	0	1	1_809594_809595_+
1	810095	0	1	1_810095_810096_+
1	810599	0	1	1_810599_810600_+
1	810603	0	2	1_810603_810604_+
1	811025	0	2	1_811025_811026_+
1	811285	0	2	1_811285_811286_+
1	811295	0	4	1_811295_811296_+
1	811348	0	1	1_811348_811349_+
1	811745	0	1	1_811745_811746_+
1	811759	0	5	1_811759_811760_+
1	811775	0	1	1_811775_811776_+
1	812350	0	1	1_812350_812351_+
1	812539	0	1	1_812539_812540_+
1	812640	0	2	1_812640_812641_+
1	813956	0	1	1_813956_813957_+
1	814896	0	2	1_814896_814897_+
1	814913	0	1	1_814913_814914_+
1	816074	0	1	1_816074_816075_+
1	817520	0	1	1_817520_817521_+
1	818444	0	1	1_818444_818445_+
1	824091	0	1	1_824091_824092_+
1	825735	0	1	1_825735_825736_+
1	825987	0	1	1_825987_825988_+
1	826834	0	1	1_826834_826835_+
1	827299	0	1	1_827299_827300_+
1	828424	0	1	1_828424_828425_+
1	828846	0	3	1_828846_828847_+
1	830496	0	1	1_830496_830497_+
1	830533	0	1	1_830533_830534_+
1	831537	0	1	1_831537_831538_+
1	832479	0	3	1_832479_832480_+
1	832830	0	1	1_832830_832831_+
1	833157	0	1	1_833157_833158_+
1	833347	0	1	1_833347_833348_+
1	833446	0	1	1_833446_833447_+
1	833555	0	2	1_833555_833556_+
1	833572	0	1	1_833572_833573_+
1	833786	0	1	1_833786_833787_+
1	833868	0	3	1_833868_833869_+
1	833906	0	1	1_833906_833907_+
1	834183	0	1	1_834183_834184_+
1	834259	0	3	1_834259_834260_+
1	834295	0	1	1_834295_834296_+
1	834330	0	3	1_834330_834331_+
1	834338	1	2	1_834338_834339_+
1	834356	0	1	1_834356_834357_+
1	834697	0	1	1_834697_834698_+
1	834795	1	4	1_834795_834796_+
1	834914	0	1	1_834914_834915_+
1	834978	0	1	1_834978_834979_+
1	835044	0	1	1_835044_835045_+
1	835124	0	3	1_835124_835125_+
1	835444	0	3	1_835444_835445_+
1	835736	0	5	1_835736_835737_+
1	835766	0	1	1_835766_835767_+
1	835923	0	1	1_835923_835924_+
1	836204	0	2	1_836204_836205_+
1	836295	0	1	1_836295_836296_+
1	836536	0	1	1_836536_836537_+
1	836578	0	1	1_836578_836579_+
1	836805	0	1	1_836805_836806_+
1	836872	0	2	1_836872_836873_+
1	836997	0	1	1_836997_836998_+
1	837603	0	1	1_837603_837604_+
1	837639	0	2	1_837639_837640_+
1	837736	0	2	1_837736_837737_+
1	837852	0	2	1_837852_837853_+
1	837885	0	2	1_837885_837886_+
1	837891	0	1	1_837891_837892_+
1	838049	0	3	1_838049_838050_+
1	838078	0	1	1_838078_838079_+
1	838275	0	1	1_838275_838276_+
1	838285	0	2	1_838285_838286_+
1	838295	1	3	1_838295_838296_+
1	838302	0	4	1_838302_838303_+
1	838308	0	2	1_838308_838309_+
1	838349	0	1	1_838349_838350_+
1	838352	0	1	1_838352_838353_+
1	838361	0	6	1_838361_838362_+
1	838368	0	4	1_838368_838369_+
1	838371	0	2	1_838371_838372_+
1	838377	0	2	1_838377_838378_+
1	838379	0	2	1_838379_838380_+
1	838382	0	1	1_838382_838383_+
1	838395	0	1	1_838395_838396_+
1	838427	0	1	1_838427_838428_+
1	838429	0	2	1_838429_838430_+
1	838435	0	3	1_838435_838436_+
1	838537	0	2	1_838537_838538_+
1	838564	0	1	1_838564_838565_+
1	838643	0	1	1_838643_838644_+
1	838666	0	2	1_838666_838667_+
1	838687	0	1	1_838687_838688_+
1	838701	0	2	1_838701_838702_+
1	838761	0	1	1_838761_838762_+
1	838785	0	3	1_838785_838786_+
1	838924	0	1	1_838924_838925_+
1	839172	0	1	1_839172_839173_+
1	839207	0	2	1_839207_839208_+
1	839214	0	4	1_839214_839215_+
1	839349	0	1	1_839349_839350_+
1	839355	0	1	1_839355_839356_+
1	839397	0	4	1_839397_839398_+
1	839464	0	1	1_839464_839465_+
1	839508	0	3	1_839508_839509_+
1	839516	0	2	1_839516_839517_+
1	839575	0	1	1_839575_839576_+
1	839577	0	1	1_839577_839578_+
1	839633	0	1	1_839633_839634_+
1	839668	0	1	1_839668_839669_+
1	839695	0	1	1_839695_839696_+
1	839701	0	1	1_839701_839702_+
1	839738	0	1	1_839738_839739_+
1	839752	0	2	1_839752_839753_+
1	839867	0	2	1_839867_839868_+
1	839871	0	2	1_839871_839872_+
1	839877	0	2	1_839877_839878_+
1	839889	0	1	1_839889_839890_+
1	839937	0	1	1_839937_839938_+
1	839949	0	1	1_839949_839950_+
1	839953	0	1	1_839953_839954_+
1	840013	0	2	1_840013_840014_+
1	840016	0	2	1_840016_840017_+
1	840057	0	1	1_840057_840058_+
1	840073	0	1	1_840073_840074_+
1	840079	0	1	1_840079_840080_+
1	840111	0	1	1_840111_840112_+
1	840117	0	1	1_840117_840118_+
1	840123	0	3	1_840123_840124_+
1	840132	0	1	1_840132_840133_+
1	840142	0	2	1_840142_840143_+
1	840149	0	3	1_840149_840150_+
1	840162	0	1	1_840162_840163_+
1	840210	0	1	1_840210_840211_+
1	840216	0	2	1_840216_840217_+
1	840219	0	3	1_840219_840220_+
1	840223	0	3	1_840223_840224_+
1	840279	0	1	1_840279_840280_+
1	840293	0	3	1_840293_840294_+
1	840295	0	3	1_840295_840296_+
1	840303	0	2	1_840303_840304_+
1	840329	0	1	1_840329_840330_+
1	840331	0	1	1_840331_840332_+
1	840339	0	1	1_840339_840340_+
1	840357	0	1	1_840357_840358_+
1	840394	0	1	1_840394_840395_+
1	840504	0	1	1_840504_840505_+
1	840512	0	1	1_840512_840513_+
1	840514	0	2	1_840514_840515_+
1	840529	0	1	1_840529_840530_+
1	840555	0	1	1_840555_840556_+
1	840559	0	1	1_840559_840560_+
1	840563	0	1	1_840563_840564_+
1	840586	0	3	1_840586_840587_+
1	840596	0	2	1_840596_840597_+
1	840684	0	1	1_840684_840685_+
1	840748	0	1	1_840748_840749_+
1	840750	0	1	1_840750_840751_+
1	840784	0	1	1_840784_840785_+
1	840848	0	1	1_840848_840849_+
1	840853	0	2	1_840853_840854_+
1	840856	0	1	1_840856_840857_+
1	840889	0	1	1_840889_840890_+
1	840913	0	2	1_840913_840914_+
1	840917	0	1	1_840917_840918_+
1	840922	0	4	1_840922_840923_+
1	840931	0	2	1_840931_840932_+
1	840944	0	3	1_840944_840945_+
1	841006	0	3	1_841006_841007_+
1	841008	0	4	1_841008_841009_+
1	841028	0	1	1_841028_841029_+
1	841115	0	4	1_841115_841116_+
1	841219	0	3	1_841219_841220_+
1	841221	1	4	1_841221_841222_+
1	841279	0	2	1_841279_841280_+
1	841404	0	1	1_841404_841405_+
1	841476	0	4	1_841476_841477_+
1	841761	0	2	1_841761_841762_+
1	841763	0	2	1_841763_841764_+
1	842039	0	2	1_842039_842040_+
1	842204	0	1	1_842204_842205_+
1	842209	0	1	1_842209_842210_+
1	842260	0	1	1_842260_842261_+
1	842294	0	1	1_842294_842295_+
1	842865	0	2	1_842865_842866_+
1	843221	2	3	1_843221_843222_+
1	843491	0	3	1_843491_843492_+
1	843641	0	2	1_843641_843642_+
1	843958	0	1	1_843958_843959_+
1	843966	0	1	1_843966_843967_+
1	844281	0	2	1_844281_844282_+
1	844428	0	1	1_844428_844429_+
1	844435	0	1	1_844435_844436_+
1	844449	0	1	1_844449_844450_+
1	844453	0	2	1_844453_844454_+
1	844458	0	1	1_844458_844459_+
1	844630	1	1	1_844630_844631_+
1	844634	0	1	1_844634_844635_+
1	844701	0	1	1_844701_844702_+
1	844805	0	1	1_844805_844806_+
1	844809	0	1	1_844809_844810_+
1	845201	0	2	1_845201_845202_+
1	845205	0	3	1_845205_845206_+
1	845210	0	3	1_845210_845211_+
1	845247	0	1	1_845247_845248_+
1	845251	0	1	1_845251_845252_+
1	845256	0	2	1_845256_845257_+
1	845271	0	1	1_845271_845272_+
1	845367	0	1	1_845367_845368_+
1	845370	0	1	1_845370_845371_+
1	845372	0	1	1_845372_845373_+
1	845376	0	1	1_845376_845377_+
1	845390	0	1	1_845390_845391_+
1	845408	0	1	1_845408_845409_+
1	845430	0	1	1_845430_845431_+
1	845441	0	2	1_845441_845442_+
1	845446	0	1	1_845446_845447_+
1	845448	0	1	1_845448_845449_+
1	845458	0	2	1_845458_845459_+
1	845462	0	2	1_845462_845463_+
1	845464	0	1	1_845464_845465_+
1	845486	0	1	1_845486_845487_+
1	845513	0	1	1_845513_845514_+
1	845519	0	3	1_845519_845520_+
1	845521	0	3	1_845521_845522_+
1	845528	0	1	1_845528_845529_+
1	845545	0	2	1_845545_845546_+
1	845548	0	3	1_845548_845549_+
1	845550	0	2	1_845550_845551_+
1	845552	0	1	1_845552_845553_+
1	845554	0	1	1_845554_845555_+
1	845630	0	1	1_845630_845631_+
1	845632	0	1	1_845632_845633_+
1	845636	0	1	1_845636_845637_+
1	845638	0	1	1_845638_845639_+
1	845668	0	2	1_845668_845669_+
1	845690	0	3	1_845690_845691_+
1	845693	0	4	1_845693_845694_+
1	845696	0	4	1_845696_845697_+
1	845704	0	1	1_845704_845705_+
1	845718	0	1	1_845718_845719_+
1	845727	0	3	1_845727_845728_+
1	845737	0	2	1_845737_845738_+
1	845752	0	1	1_845752_845753_+
1	845758	0	2	1_845758_845759_+
1	845810	0	1	1_845810_845811_+
1	845816	0	1	1_845816_845817_+
1	845829	0	1	1_845829_845830_+
1	845877	0	2	1_845877_845878_+
1	845882	0	2	1_845882_845883_+
1	845935	0	1	1_845935_845936_+
