#chrom	genomicpos	deaminated	total	bedcoord
1	10471	3	25	1_10471_10472_+
1	10484	0	21	1_10484_10485_+
1	10497	0	35	1_10497_10498_+
1	10525	0	36	1_10525_10526_+
1	10563	0	20	1_10563_10564_+
1	10571	2	12	1_10571_10572_+
1	10577	0	5	1_10577_10578_+
1	10589	0	9	1_10589_10590_+
1	10609	0	1	1_10609_10610_+
1	14773	0	1	1_14773_14774_+
1	14954	0	5	1_14954_14955_+
1	15004	0	2	1_15004_15005_+
1	15513	0	1	1_15513_15514_+
1	15526	0	2	1_15526_15527_+
1	15720	0	1	1_15720_15721_+
1	15834	0	1	1_15834_15835_+
1	16243	0	2	1_16243_16244_+
1	17378	0	2	1_17378_17379_+
1	17478	1	31	1_17478_17479_+
1	17483	2	39	1_17483_17484_+
1	17492	2	50	1_17492_17493_+
1	17562	0	14	1_17562_17563_+
1	17584	0	1	1_17584_17585_+
1	20156	0	1	1_20156_20157_+
1	20253	0	1	1_20253_20254_+
1	28512	0	1	1_28512_28513_+
1	30793	0	1	1_30793_30794_+
1	51458	0	3	1_51458_51459_+
1	51602	0	1	1_51602_51603_+
1	51604	0	1	1_51604_51605_+
1	51827	0	1	1_51827_51828_+
1	51969	0	4	1_51969_51970_+
1	51975	0	3	1_51975_51976_+
1	52028	0	6	1_52028_52029_+
1	52033	0	5	1_52033_52034_+
1	52053	0	2	1_52053_52054_+
1	52244	0	2	1_52244_52245_+
1	54649	0	4	1_54649_54650_+
1	55885	0	1	1_55885_55886_+
1	58447	0	9	1_58447_58448_+
1	61901	0	2	1_61901_61902_+
1	61930	0	5	1_61930_61931_+
1	61947	0	3	1_61947_61948_+
1	61954	0	3	1_61954_61955_+
1	62082	0	3	1_62082_62083_+
1	62096	0	7	1_62096_62097_+
1	62112	0	3	1_62112_62113_+
1	62140	0	3	1_62140_62141_+
1	62277	0	3	1_62277_62278_+
1	62420	0	1	1_62420_62421_+
1	62484	1	1	1_62484_62485_+
1	63197	0	2	1_63197_63198_+
1	64563	0	3	1_64563_64564_+
1	64764	0	1	1_64764_64765_+
1	66900	0	1	1_66900_66901_+
1	67183	0	1	1_67183_67184_+
1	69558	0	4	1_69558_69559_+
1	69591	0	1	1_69591_69592_+
1	76132	0	1	1_76132_76133_+
1	79787	0	1	1_79787_79788_+
1	81037	0	1	1_81037_81038_+
1	86941	0	3	1_86941_86942_+
1	88487	0	1	1_88487_88488_+
1	88518	0	1	1_88518_88519_+
1	91159	0	1	1_91159_91160_+
1	91267	0	3	1_91267_91268_+
1	92741	0	1	1_92741_92742_+
1	92763	0	1	1_92763_92764_+
1	95073	0	1	1_95073_95074_+
1	102827	0	1	1_102827_102828_+
1	102988	0	10	1_102988_102989_+
1	103064	0	3	1_103064_103065_+
1	104047	0	1	1_104047_104048_+
1	104196	0	3	1_104196_104197_+
1	104242	0	1	1_104242_104243_+
1	109105	0	7	1_109105_109106_+
1	113969	0	1	1_113969_113970_+
1	115636	0	4	1_115636_115637_+
1	115672	0	8	1_115672_115673_+
1	121154	0	2	1_121154_121155_+
1	122870	0	2	1_122870_122871_+
1	128786	0	1	1_128786_128787_+
1	128846	0	1	1_128846_128847_+
1	129556	0	3	1_129556_129557_+
1	133145	1	5	1_133145_133146_+
1	133180	0	8	1_133180_133181_+
1	133277	0	2	1_133277_133278_+
1	135086	0	1	1_135086_135087_+
1	135125	0	1	1_135125_135126_+
1	135178	0	9	1_135178_135179_+
1	135207	0	11	1_135207_135208_+
1	135217	1	10	1_135217_135218_+
1	135232	0	4	1_135232_135233_+
1	135252	0	4	1_135252_135253_+
1	135281	0	4	1_135281_135282_+
1	135297	0	3	1_135297_135298_+
1	135300	0	3	1_135300_135301_+
1	135324	0	1	1_135324_135325_+
1	136328	0	1	1_136328_136329_+
1	136340	0	1	1_136340_136341_+
1	136485	0	1	1_136485_136486_+
1	136506	0	2	1_136506_136507_+
1	136520	0	1	1_136520_136521_+
1	136522	0	1	1_136522_136523_+
1	136583	0	1	1_136583_136584_+
1	136618	0	4	1_136618_136619_+
1	136620	0	3	1_136620_136621_+
1	136632	0	4	1_136632_136633_+
1	136669	0	4	1_136669_136670_+
1	136718	0	5	1_136718_136719_+
1	136730	0	4	1_136730_136731_+
1	136766	0	1	1_136766_136767_+
1	136778	0	2	1_136778_136779_+
1	136797	0	4	1_136797_136798_+
1	136815	1	5	1_136815_136816_+
1	136827	0	2	1_136827_136828_+
1	136864	0	2	1_136864_136865_+
1	136876	0	1	1_136876_136877_+
1	136911	0	2	1_136911_136912_+
1	136925	0	2	1_136925_136926_+
1	136944	1	4	1_136944_136945_+
1	136974	0	3	1_136974_136975_+
1	137009	0	3	1_137009_137010_+
1	137011	0	3	1_137011_137012_+
1	137023	0	1	1_137023_137024_+
1	137071	0	2	1_137071_137072_+
1	137120	0	1	1_137120_137121_+
1	137169	0	1	1_137169_137170_+
1	137190	0	2	1_137190_137191_+
1	137204	0	1	1_137204_137205_+
1	137206	0	1	1_137206_137207_+
1	137254	0	1	1_137254_137255_+
1	137814	0	1	1_137814_137815_+
1	137986	0	2	1_137986_137987_+
1	138909	0	1	1_138909_138910_+
1	139073	2	22	1_139073_139074_+
1	148043	0	1	1_148043_148044_+
1	164106	0	1	1_164106_164107_+
1	164125	0	1	1_164125_164126_+
1	164376	0	1	1_164376_164377_+
1	169758	0	1	1_169758_169759_+
1	229621	0	5	1_229621_229622_+
1	229661	0	2	1_229661_229662_+
1	229665	0	1	1_229665_229666_+
1	229954	0	1	1_229954_229955_+
1	230018	0	3	1_230018_230019_+
1	233130	0	1	1_233130_233131_+
1	233142	0	1	1_233142_233143_+
1	233450	0	1	1_233450_233451_+
1	235122	0	1	1_235122_235123_+
1	235774	0	5	1_235774_235775_+
1	237788	0	4	1_237788_237789_+
1	238490	0	1	1_238490_238491_+
1	241193	0	2	1_241193_241194_+
1	247475	0	2	1_247475_247476_+
1	256460	0	1	1_256460_256461_+
1	324768	0	4	1_324768_324769_+
1	324771	0	5	1_324771_324772_+
1	348405	0	2	1_348405_348406_+
1	356438	0	2	1_356438_356439_+
1	404601	1	3	1_404601_404602_+
1	404615	0	2	1_404615_404616_+
1	414113	0	1	1_414113_414114_+
1	458712	0	1	1_458712_458713_+
1	521585	0	2	1_521585_521586_+
1	525463	1	5	1_525463_525464_+
1	525653	0	4	1_525653_525654_+
1	525774	0	2	1_525774_525775_+
1	525976	0	5	1_525976_525977_+
1	525983	2	6	1_525983_525984_+
1	525990	0	5	1_525990_525991_+
1	526061	0	10	1_526061_526062_+
1	526065	0	12	1_526065_526066_+
1	526166	0	1	1_526166_526167_+
1	526208	0	1	1_526208_526209_+
1	526552	0	1	1_526552_526553_+
1	526714	0	8	1_526714_526715_+
1	526763	0	7	1_526763_526764_+
1	526807	0	2	1_526807_526808_+
1	526836	0	3	1_526836_526837_+
1	526852	0	1	1_526852_526853_+
1	526880	0	2	1_526880_526881_+
1	526896	0	2	1_526896_526897_+
1	526910	0	2	1_526910_526911_+
1	526986	1	2	1_526986_526987_+
1	527062	0	1	1_527062_527063_+
1	527092	0	1	1_527092_527093_+
1	527912	0	1	1_527912_527913_+
1	528049	0	4	1_528049_528050_+
1	529655	0	2	1_529655_529656_+
1	529690	0	1	1_529690_529691_+
1	529733	0	3	1_529733_529734_+
1	529839	0	1	1_529839_529840_+
1	530954	0	1	1_530954_530955_+
1	530959	0	1	1_530959_530960_+
1	530965	0	1	1_530965_530966_+
1	530969	0	1	1_530969_530970_+
1	531246	0	1	1_531246_531247_+
1	531862	0	1	1_531862_531863_+
1	531868	0	1	1_531868_531869_+
1	532017	0	3	1_532017_532018_+
1	532119	0	5	1_532119_532120_+
1	532558	0	2	1_532558_532559_+
1	532809	0	1	1_532809_532810_+
1	533020	0	2	1_533020_533021_+
1	533127	0	12	1_533127_533128_+
1	533220	0	4	1_533220_533221_+
1	533234	0	1	1_533234_533235_+
1	533243	0	3	1_533243_533244_+
1	533245	0	3	1_533245_533246_+
1	533267	0	4	1_533267_533268_+
1	533281	0	6	1_533281_533282_+
1	533328	0	2	1_533328_533329_+
1	533337	0	1	1_533337_533338_+
1	533339	0	1	1_533339_533340_+
1	533346	1	1	1_533346_533347_+
1	534033	0	2	1_534033_534034_+
1	534080	0	2	1_534080_534081_+
1	534113	0	1	1_534113_534114_+
1	534190	0	11	1_534190_534191_+
1	534326	1	7	1_534326_534327_+
1	534329	0	12	1_534329_534330_+
1	534343	0	12	1_534343_534344_+
1	534360	0	6	1_534360_534361_+
1	534405	0	3	1_534405_534406_+
1	534436	0	1	1_534436_534437_+
1	534780	0	2	1_534780_534781_+
1	534790	0	4	1_534790_534791_+
1	536016	0	1	1_536016_536017_+
1	536357	0	1	1_536357_536358_+
1	536558	0	1	1_536558_536559_+
1	538706	0	4	1_538706_538707_+
1	539512	0	1	1_539512_539513_+
1	539522	0	1	1_539522_539523_+
1	539700	0	1	1_539700_539701_+
1	540643	0	1	1_540643_540644_+
1	540710	0	1	1_540710_540711_+
1	540750	0	11	1_540750_540751_+
1	540800	0	14	1_540800_540801_+
1	540808	0	11	1_540808_540809_+
1	540825	0	8	1_540825_540826_+
1	540827	0	6	1_540827_540828_+
1	540837	0	7	1_540837_540838_+
1	540839	0	8	1_540839_540840_+
1	540842	0	9	1_540842_540843_+
1	540855	0	3	1_540855_540856_+
1	540867	0	2	1_540867_540868_+
1	540869	0	2	1_540869_540870_+
1	540873	0	2	1_540873_540874_+
1	540875	0	2	1_540875_540876_+
1	540877	0	2	1_540877_540878_+
1	540881	1	1	1_540881_540882_+
1	540889	0	2	1_540889_540890_+
1	540897	0	2	1_540897_540898_+
1	540911	0	4	1_540911_540912_+
1	540920	0	3	1_540920_540921_+
1	540991	0	2	1_540991_540992_+
1	542789	0	2	1_542789_542790_+
1	544220	0	1	1_544220_544221_+
1	544718	0	1	1_544718_544719_+
1	544811	0	2	1_544811_544812_+
1	545990	0	2	1_545990_545991_+
1	545993	0	1	1_545993_545994_+
1	546023	0	6	1_546023_546024_+
1	546027	0	6	1_546027_546028_+
1	546030	0	4	1_546030_546031_+
1	546034	0	3	1_546034_546035_+
1	546036	0	2	1_546036_546037_+
1	546091	0	1	1_546091_546092_+
1	546102	0	3	1_546102_546103_+
1	546129	0	2	1_546129_546130_+
1	546169	0	2	1_546169_546170_+
1	546179	0	1	1_546179_546180_+
1	546191	0	2	1_546191_546192_+
1	546193	0	2	1_546193_546194_+
1	546196	0	1	1_546196_546197_+
1	546223	0	1	1_546223_546224_+
1	546225	0	1	1_546225_546226_+
1	546282	0	1	1_546282_546283_+
1	546852	0	1	1_546852_546853_+
1	547192	0	1	1_547192_547193_+
1	547474	0	1	1_547474_547475_+
1	548707	0	2	1_548707_548708_+
1	553847	0	1	1_553847_553848_+
1	553853	0	1	1_553853_553854_+
1	555044	0	1	1_555044_555045_+
1	561182	0	1	1_561182_561183_+
1	561935	0	1	1_561935_561936_+
1	562212	0	1	1_562212_562213_+
1	562251	0	1	1_562251_562252_+
1	562257	1	1	1_562257_562258_+
1	562273	0	1	1_562273_562274_+
1	562311	0	1	1_562311_562312_+
1	562313	0	1	1_562313_562314_+
1	563575	0	1	1_563575_563576_+
1	563587	0	2	1_563587_563588_+
1	564471	0	7	1_564471_564472_+
1	564501	0	10	1_564501_564502_+
1	564516	0	7	1_564516_564517_+
1	564600	0	4	1_564600_564601_+
1	564676	0	3	1_564676_564677_+
1	564691	0	2	1_564691_564692_+
1	564697	0	3	1_564697_564698_+
1	564702	1	5	1_564702_564703_+
1	564895	0	6	1_564895_564896_+
1	564925	0	4	1_564925_564926_+
1	564976	0	1	1_564976_564977_+
1	565262	0	6	1_565262_565263_+
1	565397	0	6	1_565397_565398_+
1	565661	0	2	1_565661_565662_+
1	565713	0	1	1_565713_565714_+
1	565793	0	1	1_565793_565794_+
1	565949	0	8	1_565949_565950_+
1	566172	0	1	1_566172_566173_+
1	566287	0	1	1_566287_566288_+
1	566290	0	1	1_566290_566291_+
1	566293	0	2	1_566293_566294_+
1	566317	0	1	1_566317_566318_+
1	566340	0	4	1_566340_566341_+
1	566459	0	2	1_566459_566460_+
1	566462	2	3	1_566462_566463_+
1	566466	0	1	1_566466_566467_+
1	566565	0	2	1_566565_566566_+
1	566570	0	1	1_566570_566571_+
1	566624	1	1	1_566624_566625_+
1	566714	0	3	1_566714_566715_+
1	566731	0	2	1_566731_566732_+
1	566739	0	2	1_566739_566740_+
1	566813	0	15	1_566813_566814_+
1	566879	0	15	1_566879_566880_+
1	566995	0	16	1_566995_566996_+
1	567014	0	11	1_567014_567015_+
1	567113	0	10	1_567113_567114_+
1	567122	1	13	1_567122_567123_+
1	567167	1	5	1_567167_567168_+
1	567206	0	4	1_567206_567207_+
1	567312	0	2	1_567312_567313_+
1	567348	0	2	1_567348_567349_+
1	567358	0	2	1_567358_567359_+
1	567390	0	1	1_567390_567391_+
1	567405	0	6	1_567405_567406_+
1	567426	0	8	1_567426_567427_+
1	567438	0	10	1_567438_567439_+
1	567501	0	12	1_567501_567502_+
1	567549	0	6	1_567549_567550_+
1	567563	0	7	1_567563_567564_+
1	567681	0	2	1_567681_567682_+
1	567714	0	2	1_567714_567715_+
1	567756	0	7	1_567756_567757_+
1	567769	0	10	1_567769_567770_+
1	567776	0	7	1_567776_567777_+
1	567882	0	2	1_567882_567883_+
1	567892	0	5	1_567892_567893_+
1	567978	0	1	1_567978_567979_+
1	568013	0	1	1_568013_568014_+
1	568325	0	3	1_568325_568326_+
1	568343	0	3	1_568343_568344_+
1	568380	0	9	1_568380_568381_+
1	568400	1	11	1_568400_568401_+
1	568409	0	10	1_568409_568410_+
1	568460	0	14	1_568460_568461_+
1	568469	2	14	1_568469_568470_+
1	568475	0	11	1_568475_568476_+
1	568529	0	3	1_568529_568530_+
1	568536	0	1	1_568536_568537_+
1	568547	0	1	1_568547_568548_+
1	568557	0	3	1_568557_568558_+
1	568570	0	4	1_568570_568571_+
1	568668	2	7	1_568668_568669_+
1	568698	0	8	1_568698_568699_+
1	568715	0	8	1_568715_568716_+
1	569081	0	8	1_569081_569082_+
1	569129	0	2	1_569129_569130_+
1	569271	0	6	1_569271_569272_+
1	569404	0	5	1_569404_569405_+
1	569408	0	9	1_569408_569409_+
1	569546	0	2	1_569546_569547_+
1	569550	0	3	1_569550_569551_+
1	569693	0	3	1_569693_569694_+
1	569842	2	12	1_569842_569843_+
1	569942	0	4	1_569942_569943_+
1	570037	0	8	1_570037_570038_+
1	570221	0	1	1_570221_570222_+
1	571713	0	4	1_571713_571714_+
1	571742	0	4	1_571742_571743_+
1	571899	2	5	1_571899_571900_+
1	571943	0	1	1_571943_571944_+
1	573013	0	3	1_573013_573014_+
1	580667	0	1	1_580667_580668_+
1	582015	0	2	1_582015_582016_+
1	586134	1	4	1_586134_586135_+
1	586161	0	2	1_586161_586162_+
1	586218	0	3	1_586218_586219_+
1	586305	0	2	1_586305_586306_+
1	592006	0	2	1_592006_592007_+
1	592213	0	4	1_592213_592214_+
1	592281	0	3	1_592281_592282_+
1	592297	0	3	1_592297_592298_+
1	592317	0	6	1_592317_592318_+
1	601423	0	1	1_601423_601424_+
1	601470	0	3	1_601470_601471_+
1	603185	0	1	1_603185_603186_+
1	604333	0	1	1_604333_604334_+
1	604410	0	2	1_604410_604411_+
1	604718	0	1	1_604718_604719_+
1	604872	0	1	1_604872_604873_+
1	605180	0	1	1_605180_605181_+
1	612236	0	3	1_612236_612237_+
1	626116	0	1	1_626116_626117_+
1	626120	0	1	1_626120_626121_+
1	634465	0	1	1_634465_634466_+
1	636747	0	4	1_636747_636748_+
1	637641	0	1	1_637641_637642_+
1	637725	0	2	1_637725_637726_+
1	637754	0	5	1_637754_637755_+
1	652681	0	2	1_652681_652682_+
1	655988	0	2	1_655988_655989_+
1	661925	1	1	1_661925_661926_+
1	662536	0	1	1_662536_662537_+
1	662555	0	1	1_662555_662556_+
1	662581	0	1	1_662581_662582_+
1	662597	0	1	1_662597_662598_+
1	662645	0	2	1_662645_662646_+
1	662657	0	1	1_662657_662658_+
1	662706	0	1	1_662706_662707_+
1	662742	0	1	1_662742_662743_+
1	664547	0	1	1_664547_664548_+
1	666132	0	1	1_666132_666133_+
1	668476	0	3	1_668476_668477_+
1	668486	0	1	1_668486_668487_+
1	669531	0	1	1_669531_669532_+
1	669623	0	1	1_669623_669624_+
1	672113	0	2	1_672113_672114_+
1	672303	0	1	1_672303_672304_+
1	672341	0	1	1_672341_672342_+
1	672938	0	1	1_672938_672939_+
1	673030	0	3	1_673030_673031_+
1	674213	0	1	1_674213_674214_+
1	674325	0	1	1_674325_674326_+
1	679426	0	2	1_679426_679427_+
1	679605	0	1	1_679605_679606_+
1	692930	0	2	1_692930_692931_+
1	693241	0	1	1_693241_693242_+
1	699839	0	1	1_699839_699840_+
1	699927	0	1	1_699927_699928_+
1	699946	0	1	1_699946_699947_+
1	699965	0	3	1_699965_699966_+
1	700602	0	2	1_700602_700603_+
1	700624	1	1	1_700624_700625_+
1	701859	0	2	1_701859_701860_+
1	701957	0	2	1_701957_701958_+
1	701988	0	1	1_701988_701989_+
1	702115	0	1	1_702115_702116_+
1	704243	2	5	1_704243_704244_+
1	704315	0	14	1_704315_704316_+
1	704467	0	2	1_704467_704468_+
1	704471	0	2	1_704471_704472_+
1	705751	0	2	1_705751_705752_+
1	705761	0	1	1_705761_705762_+
1	705870	1	18	1_705870_705871_+
1	705907	2	13	1_705907_705908_+
1	706301	0	3	1_706301_706302_+
1	706348	0	1	1_706348_706349_+
1	707037	0	1	1_707037_707038_+
1	707095	0	10	1_707095_707096_+
1	707211	0	2	1_707211_707212_+
1	708921	0	2	1_708921_708922_+
1	708956	0	1	1_708956_708957_+
1	709215	0	3	1_709215_709216_+
1	710014	0	1	1_710014_710015_+
1	710099	0	5	1_710099_710100_+
1	710190	0	7	1_710190_710191_+
1	710218	0	1	1_710218_710219_+
1	710354	0	5	1_710354_710355_+
1	711705	0	4	1_711705_711706_+
1	711764	2	2	1_711764_711765_+
1	712545	0	17	1_712545_712546_+
1	712585	0	6	1_712585_712586_+
1	712739	0	5	1_712739_712740_+
1	712987	0	10	1_712987_712988_+
1	712995	1	5	1_712995_712996_+
1	713105	0	5	1_713105_713106_+
1	713113	1	6	1_713113_713114_+
1	713200	0	5	1_713200_713201_+
1	713205	0	5	1_713205_713206_+
1	713252	0	9	1_713252_713253_+
1	713293	0	11	1_713293_713294_+
1	713305	0	9	1_713305_713306_+
1	713317	0	8	1_713317_713318_+
1	713388	0	15	1_713388_713389_+
1	713400	0	18	1_713400_713401_+
1	713447	0	10	1_713447_713448_+
1	713449	0	10	1_713449_713450_+
1	713453	0	7	1_713453_713454_+
1	713481	0	7	1_713481_713482_+
1	713489	0	4	1_713489_713490_+
1	713512	0	3	1_713512_713513_+
1	713543	0	2	1_713543_713544_+
1	713548	0	3	1_713548_713549_+
