#chrom	genomicpos	deaminated	total	bedcoord
1	10471	1	10	1_10471_10472_+
1	10484	1	8	1_10484_10485_+
1	10497	0	7	1_10497_10498_+
1	10525	0	20	1_10525_10526_+
1	10563	0	9	1_10563_10564_+
1	10571	0	10	1_10571_10572_+
1	10577	1	11	1_10577_10578_+
1	10589	0	5	1_10589_10590_+
1	14954	0	1	1_14954_14955_+
1	17478	0	5	1_17478_17479_+
1	17483	0	11	1_17483_17484_+
1	17492	2	15	1_17492_17493_+
1	17562	0	2	1_17562_17563_+
1	17584	0	1	1_17584_17585_+
1	30984	0	1	1_30984_30985_+
1	40705	0	1	1_40705_40706_+
1	51442	0	1	1_51442_51443_+
1	51969	0	4	1_51969_51970_+
1	51975	0	3	1_51975_51976_+
1	58447	0	15	1_58447_58448_+
1	61954	0	1	1_61954_61955_+
1	62082	0	3	1_62082_62083_+
1	62096	0	1	1_62096_62097_+
1	62112	0	2	1_62112_62113_+
1	62140	0	6	1_62140_62141_+
1	62277	0	2	1_62277_62278_+
1	73228	0	3	1_73228_73229_+
1	87723	0	2	1_87723_87724_+
1	89518	0	1	1_89518_89519_+
1	91159	0	2	1_91159_91160_+
1	95073	0	2	1_95073_95074_+
1	102988	0	13	1_102988_102989_+
1	104242	0	1	1_104242_104243_+
1	115672	0	1	1_115672_115673_+
1	133145	0	1	1_133145_133146_+
1	134100	1	1	1_134100_134101_+
1	135125	0	1	1_135125_135126_+
1	135178	1	5	1_135178_135179_+
1	135207	0	7	1_135207_135208_+
1	135217	1	3	1_135217_135218_+
1	135232	0	4	1_135232_135233_+
1	135252	0	1	1_135252_135253_+
1	136534	0	1	1_136534_136535_+
1	136618	0	2	1_136618_136619_+
1	136620	0	2	1_136620_136621_+
1	136730	0	1	1_136730_136731_+
1	136797	0	1	1_136797_136798_+
1	136827	0	1	1_136827_136828_+
1	136864	0	1	1_136864_136865_+
1	136876	0	1	1_136876_136877_+
1	136944	0	1	1_136944_136945_+
1	139073	0	1	1_139073_139074_+
1	163855	0	1	1_163855_163856_+
1	229621	0	6	1_229621_229622_+
1	229661	0	1	1_229661_229662_+
1	233450	0	3	1_233450_233451_+
1	235122	0	1	1_235122_235123_+
1	235774	0	1	1_235774_235775_+
1	324768	0	2	1_324768_324769_+
1	324771	0	4	1_324771_324772_+
1	414113	0	1	1_414113_414114_+
1	414115	0	1	1_414115_414116_+
1	536558	0	1	1_536558_536559_+
1	544125	0	1	1_544125_544126_+
1	562049	0	2	1_562049_562050_+
1	564471	0	5	1_564471_564472_+
1	564501	0	1	1_564501_564502_+
1	564516	0	1	1_564516_564517_+
1	564895	0	5	1_564895_564896_+
1	564925	0	5	1_564925_564926_+
1	565397	0	1	1_565397_565398_+
1	565949	0	1	1_565949_565950_+
1	566813	0	1	1_566813_566814_+
1	566879	0	1	1_566879_566880_+
1	566995	0	2	1_566995_566996_+
1	567014	0	2	1_567014_567015_+
1	567113	0	3	1_567113_567114_+
1	567122	0	7	1_567122_567123_+
1	567167	0	2	1_567167_567168_+
1	567501	0	1	1_567501_567502_+
1	567549	0	1	1_567549_567550_+
1	567563	0	2	1_567563_567564_+
1	567769	0	1	1_567769_567770_+
1	567776	1	1	1_567776_567777_+
1	567882	0	1	1_567882_567883_+
1	567892	0	1	1_567892_567893_+
1	568343	0	1	1_568343_568344_+
1	568400	0	1	1_568400_568401_+
1	568409	0	4	1_568409_568410_+
1	568460	0	3	1_568460_568461_+
1	568475	0	1	1_568475_568476_+
1	569081	0	2	1_569081_569082_+
1	569271	0	4	1_569271_569272_+
1	569842	0	1	1_569842_569843_+
1	569942	0	1	1_569942_569943_+
1	571899	0	6	1_571899_571900_+
1	592297	0	1	1_592297_592298_+
1	592317	0	3	1_592317_592318_+
1	636747	0	1	1_636747_636748_+
1	637725	0	15	1_637725_637726_+
1	637754	1	9	1_637754_637755_+
1	657521	1	1	1_657521_657522_+
1	657550	0	1	1_657550_657551_+
1	658009	0	1	1_658009_658010_+
1	662609	0	1	1_662609_662610_+
1	672938	1	1	1_672938_672939_+
1	693662	0	1	1_693662_693663_+
1	699965	0	1	1_699965_699966_+
1	700075	0	2	1_700075_700076_+
1	700468	0	2	1_700468_700469_+
1	700490	0	6	1_700490_700491_+
1	700624	0	1	1_700624_700625_+
1	701859	0	4	1_701859_701860_+
1	704243	0	1	1_704243_704244_+
1	704315	1	8	1_704315_704316_+
1	705416	0	1	1_705416_705417_+
1	705870	0	6	1_705870_705871_+
1	705907	0	7	1_705907_705908_+
1	707095	1	9	1_707095_707096_+
1	708897	0	2	1_708897_708898_+
1	708921	0	3	1_708921_708922_+
1	708956	0	1	1_708956_708957_+
1	710043	0	1	1_710043_710044_+
1	710099	0	6	1_710099_710100_+
1	710190	0	8	1_710190_710191_+
1	710218	0	2	1_710218_710219_+
1	710583	0	3	1_710583_710584_+
1	711204	0	3	1_711204_711205_+
1	711299	0	2	1_711299_711300_+
1	711705	0	1	1_711705_711706_+
1	712545	0	14	1_712545_712546_+
1	712585	0	5	1_712585_712586_+
1	712739	0	4	1_712739_712740_+
1	712987	0	3	1_712987_712988_+
1	712995	0	5	1_712995_712996_+
1	713105	0	1	1_713105_713106_+
1	713205	0	1	1_713205_713206_+
1	713252	0	9	1_713252_713253_+
1	713293	0	5	1_713293_713294_+
1	713305	0	4	1_713305_713306_+
1	713317	0	6	1_713317_713318_+
1	713388	0	13	1_713388_713389_+
1	713400	0	5	1_713400_713401_+
1	713449	0	1	1_713449_713450_+
1	713453	0	1	1_713453_713454_+
1	713481	0	1	1_713481_713482_+
1	713512	0	3	1_713512_713513_+
1	713901	0	4	1_713901_713902_+
1	713921	0	7	1_713921_713922_+
1	713985	0	5	1_713985_713986_+
1	714012	0	5	1_714012_714013_+
1	714021	0	4	1_714021_714022_+
1	714049	0	4	1_714049_714050_+
1	714052	0	5	1_714052_714053_+
1	714060	0	6	1_714060_714061_+
1	714071	0	7	1_714071_714072_+
1	714076	0	7	1_714076_714077_+
1	714083	0	9	1_714083_714084_+
1	714096	0	7	1_714096_714097_+
1	714137	0	12	1_714137_714138_+
1	714139	0	11	1_714139_714140_+
1	714167	0	2	1_714167_714168_+
1	714169	0	3	1_714169_714170_+
1	714177	0	3	1_714177_714178_+
1	714198	0	1	1_714198_714199_+
1	714202	0	1	1_714202_714203_+
1	714213	0	2	1_714213_714214_+
1	714239	0	1	1_714239_714240_+
1	714254	0	6	1_714254_714255_+
1	714258	0	6	1_714258_714259_+
1	714261	0	5	1_714261_714262_+
1	714264	0	7	1_714264_714265_+
1	714292	0	5	1_714292_714293_+
1	714300	0	2	1_714300_714301_+
1	714307	0	2	1_714307_714308_+
1	714313	0	4	1_714313_714314_+
1	714317	0	2	1_714317_714318_+
1	714338	0	2	1_714338_714339_+
1	714510	0	1	1_714510_714511_+
1	714520	0	2	1_714520_714521_+
1	714526	0	3	1_714526_714527_+
1	714532	0	2	1_714532_714533_+
1	714546	0	1	1_714546_714547_+
1	714565	0	8	1_714565_714566_+
1	714660	0	8	1_714660_714661_+
1	714715	0	5	1_714715_714716_+
1	714723	0	2	1_714723_714724_+
1	715031	0	1	1_715031_715032_+
1	715035	0	1	1_715035_715036_+
1	715041	0	1	1_715041_715042_+
1	715079	0	4	1_715079_715080_+
1	715083	0	2	1_715083_715084_+
1	715110	0	11	1_715110_715111_+
1	715121	0	9	1_715121_715122_+
1	715250	0	3	1_715250_715251_+
1	715277	0	7	1_715277_715278_+
1	715283	0	7	1_715283_715284_+
1	715389	0	6	1_715389_715390_+
1	715391	0	8	1_715391_715392_+
1	715414	0	3	1_715414_715415_+
1	715433	0	1	1_715433_715434_+
1	715449	0	2	1_715449_715450_+
1	715510	0	1	1_715510_715511_+
1	716050	0	4	1_716050_716051_+
1	716058	0	2	1_716058_716059_+
1	716092	0	1	1_716092_716093_+
1	716378	1	2	1_716378_716379_+
1	717601	0	22	1_717601_717602_+
1	718572	1	5	1_718572_718573_+
1	720695	1	5	1_720695_720696_+
1	721427	0	1	1_721427_721428_+
1	723701	0	6	1_723701_723702_+
1	723837	0	7	1_723837_723838_+
1	724240	0	11	1_724240_724241_+
1	724246	1	13	1_724246_724247_+
1	724260	1	10	1_724260_724261_+
1	724641	0	1	1_724641_724642_+
1	724710	1	11	1_724710_724711_+
1	724806	0	21	1_724806_724807_+
1	725040	0	7	1_725040_725041_+
1	725056	0	8	1_725056_725057_+
1	725346	0	9	1_725346_725347_+
1	725871	0	10	1_725871_725872_+
1	725986	0	12	1_725986_725987_+
1	726540	0	6	1_726540_726541_+
1	726570	1	15	1_726570_726571_+
1	726605	0	5	1_726605_726606_+
1	726734	1	14	1_726734_726735_+
1	726904	0	8	1_726904_726905_+
1	727204	0	7	1_727204_727205_+
1	728290	0	5	1_728290_728291_+
1	728402	0	2	1_728402_728403_+
1	728923	0	4	1_728923_728924_+
1	729339	0	3	1_729339_729340_+
1	729720	0	1	1_729720_729721_+
1	730453	1	3	1_730453_730454_+
1	730474	0	1	1_730474_730475_+
1	731292	0	7	1_731292_731293_+
1	731565	0	1	1_731565_731566_+
1	731740	0	1	1_731740_731741_+
1	732127	1	8	1_732127_732128_+
1	733587	1	1	1_733587_733588_+
1	734133	0	5	1_734133_734134_+
1	734327	0	6	1_734327_734328_+
1	736025	0	4	1_736025_736026_+
1	736073	0	1	1_736073_736074_+
1	737832	0	5	1_737832_737833_+
1	738211	0	2	1_738211_738212_+
1	738770	0	1	1_738770_738771_+
1	739377	0	3	1_739377_739378_+
1	739545	0	1	1_739545_739546_+
1	739682	0	1	1_739682_739683_+
1	740303	0	1	1_740303_740304_+
1	740743	0	2	1_740743_740744_+
1	740810	0	1	1_740810_740811_+
1	742234	0	2	1_742234_742235_+
1	742348	0	2	1_742348_742349_+
1	744820	0	1	1_744820_744821_+
1	747751	0	2	1_747751_747752_+
1	748508	0	3	1_748508_748509_+
1	750022	0	2	1_750022_750023_+
1	750033	0	7	1_750033_750034_+
1	750082	0	6	1_750082_750083_+
1	751772	0	1	1_751772_751773_+
1	752454	0	4	1_752454_752455_+
1	752495	0	10	1_752495_752496_+
1	752673	0	18	1_752673_752674_+
1	752696	0	9	1_752696_752697_+
1	752747	0	15	1_752747_752748_+
1	752805	0	1	1_752805_752806_+
1	753358	0	2	1_753358_753359_+
1	753370	0	8	1_753370_753371_+
1	753376	0	10	1_753376_753377_+
1	753379	0	10	1_753379_753380_+
1	753413	0	2	1_753413_753414_+
1	753443	0	2	1_753443_753444_+
1	753478	0	3	1_753478_753479_+
1	753666	0	14	1_753666_753667_+
1	753723	0	4	1_753723_753724_+
1	753762	0	1	1_753762_753763_+
1	753784	0	2	1_753784_753785_+
1	754108	0	9	1_754108_754109_+
1	754137	0	13	1_754137_754138_+
1	754153	0	6	1_754153_754154_+
1	754185	0	9	1_754185_754186_+
1	754244	0	5	1_754244_754245_+
1	754739	0	8	1_754739_754740_+
1	754820	1	4	1_754820_754821_+
1	754906	0	3	1_754906_754907_+
1	755209	0	10	1_755209_755210_+
1	755523	0	10	1_755523_755524_+
1	755728	1	9	1_755728_755729_+
1	755749	0	10	1_755749_755750_+
1	755798	0	7	1_755798_755799_+
1	755903	0	3	1_755903_755904_+
1	756395	0	3	1_756395_756396_+
1	756453	1	14	1_756453_756454_+
1	756518	0	13	1_756518_756519_+
1	756558	0	12	1_756558_756559_+
1	756640	0	10	1_756640_756641_+
1	756885	1	14	1_756885_756886_+
1	757039	0	8	1_757039_757040_+
1	757153	1	13	1_757153_757154_+
1	757199	0	8	1_757199_757200_+
1	757720	1	12	1_757720_757721_+
1	758163	0	10	1_758163_758164_+
1	758243	1	7	1_758243_758244_+
1	758350	0	5	1_758350_758351_+
1	758628	0	7	1_758628_758629_+
1	758829	0	11	1_758829_758830_+
1	758945	0	4	1_758945_758946_+
1	759844	0	12	1_759844_759845_+
1	760140	0	1	1_760140_760141_+
1	760964	0	3	1_760964_760965_+
1	761298	0	2	1_761298_761299_+
1	761370	1	12	1_761370_761371_+
1	761445	0	2	1_761445_761446_+
1	761459	1	1	1_761459_761460_+
1	761809	0	7	1_761809_761810_+
1	762113	0	6	1_762113_762114_+
1	762179	0	10	1_762179_762180_+
1	762232	0	3	1_762232_762233_+
1	762244	0	1	1_762244_762245_+
1	762279	0	1	1_762279_762280_+
1	762574	0	1	1_762574_762575_+
1	762594	0	1	1_762594_762595_+
1	762596	0	1	1_762596_762597_+
1	762598	0	1	1_762598_762599_+
1	762698	0	1	1_762698_762699_+
1	762723	0	1	1_762723_762724_+
1	762728	0	1	1_762728_762729_+
1	762759	0	1	1_762759_762760_+
1	762776	0	1	1_762776_762777_+
1	762793	0	4	1_762793_762794_+
1	762806	0	6	1_762806_762807_+
1	762809	0	7	1_762809_762810_+
1	762850	0	7	1_762850_762851_+
1	762865	0	7	1_762865_762866_+
1	762869	0	8	1_762869_762870_+
1	762882	0	7	1_762882_762883_+
1	762891	0	5	1_762891_762892_+
1	762897	0	5	1_762897_762898_+
1	762912	0	3	1_762912_762913_+
1	762915	0	4	1_762915_762916_+
1	762917	0	4	1_762917_762918_+
1	762919	0	4	1_762919_762920_+
1	762926	0	5	1_762926_762927_+
1	762933	0	7	1_762933_762934_+
1	762937	0	2	1_762937_762938_+
1	762977	0	1	1_762977_762978_+
1	762982	0	1	1_762982_762983_+
1	762987	0	1	1_762987_762988_+
1	763005	0	2	1_763005_763006_+
1	763017	0	1	1_763017_763018_+
1	763025	0	1	1_763025_763026_+
1	763814	0	7	1_763814_763815_+
1	764411	0	7	1_764411_764412_+
1	764421	0	4	1_764421_764422_+
1	764488	0	1	1_764488_764489_+
1	765531	0	5	1_765531_765532_+
1	766285	0	8	1_766285_766286_+
1	766328	0	5	1_766328_766329_+
1	766880	0	10	1_766880_766881_+
1	766946	0	6	1_766946_766947_+
1	767097	2	19	1_767097_767098_+
1	767220	0	8	1_767220_767221_+
1	767253	0	8	1_767253_767254_+
1	767493	0	5	1_767493_767494_+
1	767560	1	22	1_767560_767561_+
1	767605	0	11	1_767605_767606_+
1	767710	0	1	1_767710_767711_+
1	767864	0	2	1_767864_767865_+
1	768049	2	15	1_768049_768050_+
1	768086	0	5	1_768086_768087_+
1	768181	0	4	1_768181_768182_+
1	769054	0	1	1_769054_769055_+
1	769174	0	5	1_769174_769175_+
1	769251	1	7	1_769251_769252_+
1	769271	1	9	1_769271_769272_+
1	769630	0	1	1_769630_769631_+
1	769890	1	11	1_769890_769891_+
1	769893	0	10	1_769893_769894_+
1	769950	0	2	1_769950_769951_+
1	770368	0	9	1_770368_770369_+
1	770390	1	5	1_770390_770391_+
1	771035	0	2	1_771035_771036_+
1	771076	0	2	1_771076_771077_+
1	771741	0	2	1_771741_771742_+
1	771897	0	5	1_771897_771898_+
1	772322	0	10	1_772322_772323_+
1	772383	0	3	1_772383_772384_+
1	772957	0	13	1_772957_772958_+
1	773052	0	1	1_773052_773053_+
1	773936	0	8	1_773936_773937_+
1	775674	0	3	1_775674_775675_+
1	775766	0	3	1_775766_775767_+
1	776270	0	1	1_776270_776271_+
1	776599	1	15	1_776599_776600_+
1	776644	0	8	1_776644_776645_+
1	776706	0	2	1_776706_776707_+
1	776861	0	8	1_776861_776862_+
1	776977	0	6	1_776977_776978_+
1	777013	0	14	1_777013_777014_+
1	777046	0	4	1_777046_777047_+
1	777241	0	4	1_777241_777242_+
1	777244	0	7	1_777244_777245_+
1	777287	1	13	1_777287_777288_+
1	778111	0	9	1_778111_778112_+
1	778148	0	5	1_778148_778149_+
1	778269	0	8	1_778269_778270_+
1	778272	0	5	1_778272_778273_+
1	778288	2	10	1_778288_778289_+
1	778292	0	7	1_778292_778293_+
1	778330	0	2	1_778330_778331_+
1	778443	0	6	1_778443_778444_+
1	778600	0	3	1_778600_778601_+
1	778743	0	7	1_778743_778744_+
1	778777	0	2	1_778777_778778_+
1	778871	0	3	1_778871_778872_+
1	779077	1	2	1_779077_779078_+
1	779107	0	3	1_779107_779108_+
1	779548	0	12	1_779548_779549_+
1	779552	0	14	1_779552_779553_+
1	779582	0	5	1_779582_779583_+
1	780086	0	10	1_780086_780087_+
1	780101	0	9	1_780101_780102_+
1	780206	0	3	1_780206_780207_+
1	780325	2	9	1_780325_780326_+
1	780878	0	3	1_780878_780879_+
1	780893	0	4	1_780893_780894_+
1	780901	0	5	1_780901_780902_+
1	782169	0	8	1_782169_782170_+
1	782245	0	15	1_782245_782246_+
1	782283	0	11	1_782283_782284_+
1	782862	1	12	1_782862_782863_+
1	783005	0	4	1_783005_783006_+
1	783095	0	10	1_783095_783096_+
1	783128	1	7	1_783128_783129_+
1	783169	0	1	1_783169_783170_+
1	783649	1	15	1_783649_783650_+
1	784177	0	7	1_784177_784178_+
1	784411	0	5	1_784411_784412_+
1	784602	0	4	1_784602_784603_+
1	785059	2	13	1_785059_785060_+
1	785073	0	9	1_785073_785074_+
1	785223	0	6	1_785223_785224_+
1	785592	0	5	1_785592_785593_+
1	785628	0	10	1_785628_785629_+
1	785635	0	12	1_785635_785636_+
1	785702	0	2	1_785702_785703_+
1	785802	0	10	1_785802_785803_+
1	786115	0	1	1_786115_786116_+
1	786887	0	1	1_786887_786888_+
1	786896	0	1	1_786896_786897_+
1	787007	0	1	1_787007_787008_+
1	787027	0	1	1_787027_787028_+
1	787421	0	3	1_787421_787422_+
1	787423	0	3	1_787423_787424_+
1	787643	1	3	1_787643_787644_+
1	788365	0	6	1_788365_788366_+
1	788373	0	7	1_788373_788374_+
1	788435	1	9	1_788435_788436_+
1	788487	0	7	1_788487_788488_+
1	788491	0	4	1_788491_788492_+
1	788503	0	6	1_788503_788504_+
1	788531	0	5	1_788531_788532_+
1	788533	0	5	1_788533_788534_+
1	788590	0	5	1_788590_788591_+
1	788916	0	2	1_788916_788917_+
1	789232	0	1	1_789232_789233_+
1	789259	0	4	1_789259_789260_+
1	789359	0	6	1_789359_789360_+
1	789597	0	1	1_789597_789598_+
1	789876	0	1	1_789876_789877_+
1	789950	0	3	1_789950_789951_+
1	790025	0	9	1_790025_790026_+
1	790035	1	10	1_790035_790036_+
1	790109	0	7	1_790109_790110_+
1	790399	0	4	1_790399_790400_+
1	790432	0	7	1_790432_790433_+
1	790463	0	11	1_790463_790464_+
1	790623	0	1	1_790623_790624_+
1	790698	1	9	1_790698_790699_+
1	790748	2	12	1_790748_790749_+
1	791054	0	3	1_791054_791055_+
1	791543	0	3	1_791543_791544_+
1	791753	0	7	1_791753_791754_+
1	791869	0	5	1_791869_791870_+
1	792126	0	10	1_792126_792127_+
1	792150	1	10	1_792150_792151_+
1	792185	0	10	1_792185_792186_+
1	792496	0	8	1_792496_792497_+
1	792654	0	4	1_792654_792655_+
1	793883	0	1	1_793883_793884_+
1	793920	0	1	1_793920_793921_+
1	793962	0	1	1_793962_793963_+
1	794162	0	3	1_794162_794163_+
1	794230	0	8	1_794230_794231_+
1	795036	1	17	1_795036_795037_+
