#chrom	genomicpos	deaminated	total	bedcoord
1	10471	0	2	1_10471_10472_+
1	10484	0	5	1_10484_10485_+
1	10497	1	3	1_10497_10498_+
1	10525	0	12	1_10525_10526_+
1	10563	0	4	1_10563_10564_+
1	10589	0	1	1_10589_10590_+
1	10609	0	1	1_10609_10610_+
1	10789	0	1	1_10789_10790_+
1	10795	0	1	1_10795_10796_+
1	10816	0	1	1_10816_10817_+
1	10832	0	2	1_10832_10833_+
1	10838	0	1	1_10838_10839_+
1	10861	0	1	1_10861_10862_+
1	10867	0	1	1_10867_10868_+
1	15239	0	1	1_15239_15240_+
1	17478	0	7	1_17478_17479_+
1	17483	0	5	1_17483_17484_+
1	17492	0	8	1_17492_17493_+
1	62096	0	1	1_62096_62097_+
1	102988	0	5	1_102988_102989_+
1	104196	0	2	1_104196_104197_+
1	133145	0	1	1_133145_133146_+
1	133180	0	1	1_133180_133181_+
1	135207	0	3	1_135207_135208_+
1	229621	0	2	1_229621_229622_+
1	229661	1	1	1_229661_229662_+
1	233450	0	3	1_233450_233451_+
1	235122	0	2	1_235122_235123_+
1	362429	0	1	1_362429_362430_+
1	525983	0	2	1_525983_525984_+
1	525990	0	2	1_525990_525991_+
1	526061	0	1	1_526061_526062_+
1	526065	0	2	1_526065_526066_+
1	534190	1	1	1_534190_534191_+
1	537528	0	2	1_537528_537529_+
1	540710	0	1	1_540710_540711_+
1	540750	0	1	1_540750_540751_+
1	564501	0	1	1_564501_564502_+
1	564895	0	2	1_564895_564896_+
1	567501	0	1	1_567501_567502_+
1	567549	0	2	1_567549_567550_+
1	567776	0	1	1_567776_567777_+
1	568400	0	1	1_568400_568401_+
1	568409	0	2	1_568409_568410_+
1	568698	0	1	1_568698_568699_+
1	568715	0	2	1_568715_568716_+
1	586161	0	1	1_586161_586162_+
1	636747	0	1	1_636747_636748_+
1	637725	0	4	1_637725_637726_+
1	661862	0	1	1_661862_661863_+
1	661865	0	1	1_661865_661866_+
1	700468	0	1	1_700468_700469_+
1	701988	0	1	1_701988_701989_+
1	704315	0	1	1_704315_704316_+
1	705870	0	3	1_705870_705871_+
1	705907	1	2	1_705907_705908_+
1	707095	0	2	1_707095_707096_+
1	710190	0	1	1_710190_710191_+
1	710583	0	1	1_710583_710584_+
1	712545	0	4	1_712545_712546_+
1	713105	0	1	1_713105_713106_+
1	713113	0	1	1_713113_713114_+
1	713205	0	1	1_713205_713206_+
1	713252	0	2	1_713252_713253_+
1	713293	0	2	1_713293_713294_+
1	713305	0	1	1_713305_713306_+
1	713317	0	1	1_713317_713318_+
1	713388	0	1	1_713388_713389_+
1	713400	0	5	1_713400_713401_+
1	713901	0	2	1_713901_713902_+
1	713921	0	1	1_713921_713922_+
1	713985	0	2	1_713985_713986_+
1	714012	0	1	1_714012_714013_+
1	714049	0	3	1_714049_714050_+
1	714052	1	4	1_714052_714053_+
1	714060	1	1	1_714060_714061_+
1	714071	0	1	1_714071_714072_+
1	714076	0	2	1_714076_714077_+
1	714083	0	1	1_714083_714084_+
1	714096	0	1	1_714096_714097_+
1	714137	0	2	1_714137_714138_+
1	714139	0	3	1_714139_714140_+
1	714167	0	1	1_714167_714168_+
1	714169	0	1	1_714169_714170_+
1	714198	0	1	1_714198_714199_+
1	714254	0	3	1_714254_714255_+
1	714258	0	2	1_714258_714259_+
1	714261	0	2	1_714261_714262_+
1	714264	0	2	1_714264_714265_+
1	714292	0	2	1_714292_714293_+
1	714300	0	1	1_714300_714301_+
1	714338	0	2	1_714338_714339_+
1	714353	0	1	1_714353_714354_+
1	714355	0	1	1_714355_714356_+
1	714362	0	1	1_714362_714363_+
1	714366	0	1	1_714366_714367_+
1	714532	0	1	1_714532_714533_+
1	714565	0	1	1_714565_714566_+
1	714660	0	2	1_714660_714661_+
1	714723	0	1	1_714723_714724_+
1	715079	0	2	1_715079_715080_+
1	715083	0	2	1_715083_715084_+
1	715110	0	2	1_715110_715111_+
1	715121	0	1	1_715121_715122_+
1	715250	0	2	1_715250_715251_+
1	715277	0	2	1_715277_715278_+
1	715283	0	4	1_715283_715284_+
1	715414	0	2	1_715414_715415_+
1	715449	0	1	1_715449_715450_+
1	716050	1	2	1_716050_716051_+
1	716092	0	1	1_716092_716093_+
1	717601	0	4	1_717601_717602_+
1	723701	0	2	1_723701_723702_+
1	724240	0	2	1_724240_724241_+
1	724246	0	4	1_724246_724247_+
1	724260	1	2	1_724260_724261_+
1	724641	0	1	1_724641_724642_+
1	724710	0	3	1_724710_724711_+
1	724806	0	8	1_724806_724807_+
1	725040	0	3	1_725040_725041_+
1	725056	0	3	1_725056_725057_+
1	725346	0	4	1_725346_725347_+
1	725871	0	2	1_725871_725872_+
1	726540	0	2	1_726540_726541_+
1	726570	0	3	1_726570_726571_+
1	726605	0	1	1_726605_726606_+
1	726734	0	4	1_726734_726735_+
1	726904	0	2	1_726904_726905_+
1	727204	0	1	1_727204_727205_+
1	728923	0	2	1_728923_728924_+
1	730453	0	1	1_730453_730454_+
1	731740	0	1	1_731740_731741_+
1	734133	0	5	1_734133_734134_+
1	734327	0	1	1_734327_734328_+
1	738770	0	1	1_738770_738771_+
1	739377	0	1	1_739377_739378_+
1	739545	0	1	1_739545_739546_+
1	742234	0	1	1_742234_742235_+
1	747751	0	1	1_747751_747752_+
1	750082	0	1	1_750082_750083_+
1	752454	0	2	1_752454_752455_+
1	752495	0	1	1_752495_752496_+
1	752673	1	2	1_752673_752674_+
1	752696	0	2	1_752696_752697_+
1	752747	0	2	1_752747_752748_+
1	753376	0	1	1_753376_753377_+
1	753379	0	1	1_753379_753380_+
1	753666	0	6	1_753666_753667_+
1	753723	0	1	1_753723_753724_+
1	754137	0	3	1_754137_754138_+
1	754153	0	1	1_754153_754154_+
1	754185	0	1	1_754185_754186_+
1	754739	0	1	1_754739_754740_+
1	754820	0	1	1_754820_754821_+
1	754906	1	2	1_754906_754907_+
1	755209	1	4	1_755209_755210_+
1	755523	0	2	1_755523_755524_+
1	755728	0	5	1_755728_755729_+
1	755749	0	2	1_755749_755750_+
1	755798	0	1	1_755798_755799_+
1	755903	0	1	1_755903_755904_+
1	756395	0	3	1_756395_756396_+
1	756518	0	2	1_756518_756519_+
1	756558	0	5	1_756558_756559_+
1	756640	0	1	1_756640_756641_+
1	756885	0	1	1_756885_756886_+
1	757039	0	4	1_757039_757040_+
1	757153	0	2	1_757153_757154_+
1	757199	1	3	1_757199_757200_+
1	757720	0	6	1_757720_757721_+
1	758163	0	1	1_758163_758164_+
1	758243	0	4	1_758243_758244_+
1	758350	0	3	1_758350_758351_+
1	758628	0	4	1_758628_758629_+
1	758829	0	1	1_758829_758830_+
1	758945	0	4	1_758945_758946_+
1	760140	0	1	1_760140_760141_+
1	761298	0	1	1_761298_761299_+
1	761370	0	7	1_761370_761371_+
1	762113	0	1	1_762113_762114_+
1	762244	0	1	1_762244_762245_+
1	762776	0	1	1_762776_762777_+
1	762850	0	1	1_762850_762851_+
1	762865	0	1	1_762865_762866_+
1	762869	0	1	1_762869_762870_+
1	762882	0	4	1_762882_762883_+
1	762891	0	2	1_762891_762892_+
1	762897	0	1	1_762897_762898_+
1	762926	0	1	1_762926_762927_+
1	762933	0	1	1_762933_762934_+
1	762966	0	2	1_762966_762967_+
1	762977	0	1	1_762977_762978_+
1	762982	0	3	1_762982_762983_+
1	762987	0	2	1_762987_762988_+
1	763005	0	1	1_763005_763006_+
1	763017	0	1	1_763017_763018_+
1	763814	0	2	1_763814_763815_+
1	764411	0	1	1_764411_764412_+
1	764421	0	1	1_764421_764422_+
1	764722	0	1	1_764722_764723_+
1	765531	0	2	1_765531_765532_+
1	766880	0	4	1_766880_766881_+
1	766946	0	1	1_766946_766947_+
1	767097	0	6	1_767097_767098_+
1	767220	0	2	1_767220_767221_+
1	767253	2	3	1_767253_767254_+
1	767560	0	4	1_767560_767561_+
1	767605	0	1	1_767605_767606_+
1	768049	0	5	1_768049_768050_+
1	768086	0	2	1_768086_768087_+
1	768181	0	1	1_768181_768182_+
1	769054	0	1	1_769054_769055_+
1	769174	0	2	1_769174_769175_+
1	769251	0	1	1_769251_769252_+
1	769271	0	4	1_769271_769272_+
1	769890	0	3	1_769890_769891_+
1	769893	1	3	1_769893_769894_+
1	770368	0	2	1_770368_770369_+
1	770390	0	1	1_770390_770391_+
1	771897	0	2	1_771897_771898_+
1	772322	0	2	1_772322_772323_+
1	772957	0	1	1_772957_772958_+
1	773936	0	1	1_773936_773937_+
1	776599	1	4	1_776599_776600_+
1	776644	0	2	1_776644_776645_+
1	776977	0	2	1_776977_776978_+
1	777013	0	3	1_777013_777014_+
1	777046	0	1	1_777046_777047_+
1	777287	0	3	1_777287_777288_+
1	778111	0	2	1_778111_778112_+
1	778148	0	1	1_778148_778149_+
1	778269	0	4	1_778269_778270_+
1	778272	0	3	1_778272_778273_+
1	778288	0	1	1_778288_778289_+
1	778292	0	1	1_778292_778293_+
1	778330	0	1	1_778330_778331_+
1	778871	1	1	1_778871_778872_+
1	779107	0	1	1_779107_779108_+
1	779582	0	1	1_779582_779583_+
1	780086	0	2	1_780086_780087_+
1	780101	0	3	1_780101_780102_+
1	780325	0	4	1_780325_780326_+
1	780893	1	4	1_780893_780894_+
1	780901	0	4	1_780901_780902_+
1	782169	0	5	1_782169_782170_+
1	782245	0	5	1_782245_782246_+
1	782283	0	2	1_782283_782284_+
1	782862	0	3	1_782862_782863_+
1	783095	0	3	1_783095_783096_+
1	783649	0	6	1_783649_783650_+
1	784411	0	1	1_784411_784412_+
1	785059	0	3	1_785059_785060_+
1	785073	0	4	1_785073_785074_+
1	785223	0	3	1_785223_785224_+
1	785592	0	1	1_785592_785593_+
1	785628	0	3	1_785628_785629_+
1	785635	0	3	1_785635_785636_+
1	785802	0	2	1_785802_785803_+
1	788365	0	4	1_788365_788366_+
1	788373	0	4	1_788373_788374_+
1	788435	0	4	1_788435_788436_+
1	788487	0	1	1_788487_788488_+
1	788491	0	1	1_788491_788492_+
1	789259	0	1	1_789259_789260_+
1	789359	0	3	1_789359_789360_+
1	789876	0	1	1_789876_789877_+
1	789950	0	1	1_789950_789951_+
1	790025	0	5	1_790025_790026_+
1	790035	0	1	1_790035_790036_+
1	790109	0	5	1_790109_790110_+
1	790432	0	3	1_790432_790433_+
1	790463	0	2	1_790463_790464_+
1	790623	0	1	1_790623_790624_+
1	790698	0	1	1_790698_790699_+
1	790748	0	2	1_790748_790749_+
1	791054	0	1	1_791054_791055_+
1	791543	0	1	1_791543_791544_+
1	791753	0	3	1_791753_791754_+
1	791869	0	2	1_791869_791870_+
1	792126	0	5	1_792126_792127_+
1	792150	0	2	1_792150_792151_+
1	792185	0	2	1_792185_792186_+
1	793920	0	1	1_793920_793921_+
1	794162	0	1	1_794162_794163_+
1	794230	0	5	1_794230_794231_+
1	794419	0	1	1_794419_794420_+
1	795036	2	6	1_795036_795037_+
1	795725	0	1	1_795725_795726_+
1	796076	0	2	1_796076_796077_+
1	796128	0	1	1_796128_796129_+
1	796162	0	1	1_796162_796163_+
1	796203	0	1	1_796203_796204_+
1	796361	0	2	1_796361_796362_+
1	797625	0	1	1_797625_797626_+
1	798485	1	1	1_798485_798486_+
1	799085	0	2	1_799085_799086_+
1	799187	0	2	1_799187_799188_+
1	799419	0	1	1_799419_799420_+
1	799550	1	2	1_799550_799551_+
1	799730	0	1	1_799730_799731_+
1	801122	0	2	1_801122_801123_+
1	801190	0	1	1_801190_801191_+
1	801290	0	2	1_801290_801291_+
1	801595	0	5	1_801595_801596_+
1	801616	0	8	1_801616_801617_+
1	801819	0	4	1_801819_801820_+
1	801868	0	3	1_801868_801869_+
1	801875	0	2	1_801875_801876_+
1	801896	0	6	1_801896_801897_+
1	801916	0	3	1_801916_801917_+
1	802523	0	2	1_802523_802524_+
1	802533	0	3	1_802533_802534_+
1	802584	0	1	1_802584_802585_+
1	802819	0	2	1_802819_802820_+
1	802922	0	4	1_802922_802923_+
1	804432	0	2	1_804432_804433_+
1	804912	0	2	1_804912_804913_+
1	804945	0	4	1_804945_804946_+
1	804992	0	3	1_804992_804993_+
1	804999	0	4	1_804999_805000_+
1	805102	0	4	1_805102_805103_+
1	805158	0	3	1_805158_805159_+
1	805199	0	3	1_805199_805200_+
1	805201	0	3	1_805201_805202_+
1	805214	0	2	1_805214_805215_+
1	805228	0	3	1_805228_805229_+
1	805230	0	2	1_805230_805231_+
1	805244	0	2	1_805244_805245_+
1	805246	0	2	1_805246_805247_+
1	805252	0	1	1_805252_805253_+
1	805273	0	3	1_805273_805274_+
1	805281	0	1	1_805281_805282_+
1	805314	0	1	1_805314_805315_+
1	805318	0	1	1_805318_805319_+
1	805320	0	1	1_805320_805321_+
1	805327	0	2	1_805327_805328_+
1	805341	0	3	1_805341_805342_+
1	805352	0	7	1_805352_805353_+
1	805377	0	3	1_805377_805378_+
1	805382	0	4	1_805382_805383_+
1	805403	0	2	1_805403_805404_+
1	805411	0	3	1_805411_805412_+
1	805428	0	2	1_805428_805429_+
1	805434	0	3	1_805434_805435_+
1	805436	0	4	1_805436_805437_+
1	805444	0	8	1_805444_805445_+
1	805449	0	7	1_805449_805450_+
1	805467	0	3	1_805467_805468_+
1	805474	0	8	1_805474_805475_+
1	805477	0	7	1_805477_805478_+
1	805479	0	6	1_805479_805480_+
1	805484	0	4	1_805484_805485_+
1	805500	0	4	1_805500_805501_+
1	805519	0	4	1_805519_805520_+
1	805522	0	4	1_805522_805523_+
1	805538	1	4	1_805538_805539_+
1	805541	0	4	1_805541_805542_+
1	805554	0	4	1_805554_805555_+
1	805573	0	2	1_805573_805574_+
1	805604	0	5	1_805604_805605_+
1	805606	0	5	1_805606_805607_+
1	805616	0	3	1_805616_805617_+
1	805627	0	5	1_805627_805628_+
1	805746	0	3	1_805746_805747_+
1	805786	0	4	1_805786_805787_+
1	805942	0	3	1_805942_805943_+
1	806051	0	2	1_806051_806052_+
1	806521	0	1	1_806521_806522_+
1	808468	0	1	1_808468_808469_+
1	808584	0	1	1_808584_808585_+
1	808748	1	3	1_808748_808749_+
1	808946	0	2	1_808946_808947_+
1	809006	0	2	1_809006_809007_+
1	809450	1	4	1_809450_809451_+
1	809509	0	1	1_809509_809510_+
1	809590	0	2	1_809590_809591_+
1	809594	0	1	1_809594_809595_+
1	809642	0	2	1_809642_809643_+
1	810095	0	1	1_810095_810096_+
1	810599	1	4	1_810599_810600_+
1	810603	0	4	1_810603_810604_+
1	811025	0	4	1_811025_811026_+
1	811166	0	2	1_811166_811167_+
1	811279	0	4	1_811279_811280_+
1	811285	0	4	1_811285_811286_+
1	811295	0	1	1_811295_811296_+
1	811348	0	1	1_811348_811349_+
1	811492	0	1	1_811492_811493_+
1	811745	0	5	1_811745_811746_+
1	811759	1	6	1_811759_811760_+
1	811775	0	5	1_811775_811776_+
1	812350	0	2	1_812350_812351_+
1	812539	0	1	1_812539_812540_+
1	812640	0	2	1_812640_812641_+
1	814887	0	1	1_814887_814888_+
1	814896	0	3	1_814896_814897_+
1	814913	0	5	1_814913_814914_+
1	816074	0	3	1_816074_816075_+
1	817520	0	1	1_817520_817521_+
1	820609	0	3	1_820609_820610_+
1	821972	0	7	1_821972_821973_+
1	822360	1	2	1_822360_822361_+
1	822553	0	3	1_822553_822554_+
1	824091	0	2	1_824091_824092_+
1	825735	0	1	1_825735_825736_+
1	825987	2	3	1_825987_825988_+
1	826834	0	1	1_826834_826835_+
1	827204	0	3	1_827204_827205_+
1	827468	0	6	1_827468_827469_+
1	828424	0	2	1_828424_828425_+
1	828846	1	4	1_828846_828847_+
1	829386	1	1	1_829386_829387_+
1	829660	0	3	1_829660_829661_+
1	829665	0	3	1_829665_829666_+
1	829787	0	6	1_829787_829788_+
1	830411	0	1	1_830411_830412_+
1	830496	0	2	1_830496_830497_+
1	830533	0	1	1_830533_830534_+
1	830935	0	1	1_830935_830936_+
1	832479	0	4	1_832479_832480_+
1	832830	0	6	1_832830_832831_+
1	833157	0	1	1_833157_833158_+
1	833166	0	6	1_833166_833167_+
1	833196	0	1	1_833196_833197_+
1	833297	0	1	1_833297_833298_+
1	833347	0	1	1_833347_833348_+
1	833446	0	1	1_833446_833447_+
1	833514	0	1	1_833514_833515_+
1	833536	0	2	1_833536_833537_+
1	833555	0	1	1_833555_833556_+
1	833565	0	1	1_833565_833566_+
1	833572	0	3	1_833572_833573_+
1	833593	0	2	1_833593_833594_+
1	833786	0	3	1_833786_833787_+
1	833806	0	3	1_833806_833807_+
1	833868	0	6	1_833868_833869_+
1	833896	0	2	1_833896_833897_+
1	833906	0	6	1_833906_833907_+
1	833923	0	2	1_833923_833924_+
1	834183	0	1	1_834183_834184_+
1	834247	0	2	1_834247_834248_+
1	834259	1	5	1_834259_834260_+
1	834276	0	2	1_834276_834277_+
1	834295	0	6	1_834295_834296_+
1	834330	0	4	1_834330_834331_+
1	834338	0	3	1_834338_834339_+
1	834356	0	3	1_834356_834357_+
1	834358	0	3	1_834358_834359_+
1	834697	0	4	1_834697_834698_+
1	834703	0	3	1_834703_834704_+
1	834767	0	1	1_834767_834768_+
1	834795	0	7	1_834795_834796_+
1	834914	1	3	1_834914_834915_+
1	834978	0	3	1_834978_834979_+
1	835044	0	2	1_835044_835045_+
1	835124	0	9	1_835124_835125_+
1	835444	0	4	1_835444_835445_+
1	835736	0	3	1_835736_835737_+
1	835766	0	5	1_835766_835767_+
1	835923	0	4	1_835923_835924_+
1	836204	0	4	1_836204_836205_+
1	836217	0	1	1_836217_836218_+
1	836295	0	4	1_836295_836296_+
1	836518	0	4	1_836518_836519_+
1	836536	0	4	1_836536_836537_+
1	836578	0	2	1_836578_836579_+
1	836805	0	2	1_836805_836806_+
1	836872	1	4	1_836872_836873_+
1	836967	1	5	1_836967_836968_+
1	836997	0	2	1_836997_836998_+
1	837042	0	3	1_837042_837043_+
1	837234	1	4	1_837234_837235_+
1	837541	0	2	1_837541_837542_+
1	837603	0	2	1_837603_837604_+
1	837616	0	4	1_837616_837617_+
1	837639	0	2	1_837639_837640_+
1	837717	0	2	1_837717_837718_+
1	837736	0	5	1_837736_837737_+
1	837852	0	3	1_837852_837853_+
1	837885	0	4	1_837885_837886_+
1	837891	0	1	1_837891_837892_+
1	837929	0	1	1_837929_837930_+
1	838021	0	1	1_838021_838022_+
1	838049	0	3	1_838049_838050_+
1	838085	0	1	1_838085_838086_+
1	838275	0	3	1_838275_838276_+
1	838285	0	2	1_838285_838286_+
1	838295	0	1	1_838295_838296_+
1	838302	0	1	1_838302_838303_+
1	838308	0	1	1_838308_838309_+
1	838349	0	4	1_838349_838350_+
1	838352	0	8	1_838352_838353_+
1	838361	0	10	1_838361_838362_+
1	838368	1	10	1_838368_838369_+
1	838371	1	9	1_838371_838372_+
1	838377	1	5	1_838377_838378_+
1	838379	0	4	1_838379_838380_+
1	838382	0	3	1_838382_838383_+
1	838395	1	6	1_838395_838396_+
