#chrom	genomicpos	deaminated	total	bedcoord
1	10471	0	2	1_10471_10472_+
1	10484	0	4	1_10484_10485_+
1	10497	0	1	1_10497_10498_+
1	10525	0	12	1_10525_10526_+
1	10563	0	3	1_10563_10564_+
1	10571	0	1	1_10571_10572_+
1	10577	0	2	1_10577_10578_+
1	10589	0	1	1_10589_10590_+
1	17478	0	5	1_17478_17479_+
1	17483	0	9	1_17483_17484_+
1	17492	1	11	1_17492_17493_+
1	51442	0	1	1_51442_51443_+
1	51458	0	2	1_51458_51459_+
1	51969	0	1	1_51969_51970_+
1	54649	0	1	1_54649_54650_+
1	58447	0	2	1_58447_58448_+
1	61954	0	1	1_61954_61955_+
1	62082	0	1	1_62082_62083_+
1	62096	0	1	1_62096_62097_+
1	62112	0	1	1_62112_62113_+
1	62277	0	1	1_62277_62278_+
1	67183	0	2	1_67183_67184_+
1	73228	0	2	1_73228_73229_+
1	87723	0	2	1_87723_87724_+
1	91159	0	2	1_91159_91160_+
1	91267	0	1	1_91267_91268_+
1	102988	0	2	1_102988_102989_+
1	133180	0	1	1_133180_133181_+
1	135178	0	2	1_135178_135179_+
1	135207	0	4	1_135207_135208_+
1	135217	0	2	1_135217_135218_+
1	135232	0	2	1_135232_135233_+
1	135252	0	1	1_135252_135253_+
1	136974	0	1	1_136974_136975_+
1	137218	0	1	1_137218_137219_+
1	139073	0	3	1_139073_139074_+
1	144507	0	1	1_144507_144508_+
1	170502	0	1	1_170502_170503_+
1	229621	0	3	1_229621_229622_+
1	229783	0	1	1_229783_229784_+
1	230018	0	3	1_230018_230019_+
1	233450	0	2	1_233450_233451_+
1	235122	0	1	1_235122_235123_+
1	255896	0	1	1_255896_255897_+
1	526061	0	8	1_526061_526062_+
1	526065	0	6	1_526065_526066_+
1	526714	0	1	1_526714_526715_+
1	533220	0	1	1_533220_533221_+
1	534190	0	1	1_534190_534191_+
1	534326	0	2	1_534326_534327_+
1	534329	0	2	1_534329_534330_+
1	534343	0	2	1_534343_534344_+
1	534360	0	1	1_534360_534361_+
1	537496	0	1	1_537496_537497_+
1	537528	0	1	1_537528_537529_+
1	540800	0	1	1_540800_540801_+
1	540808	0	1	1_540808_540809_+
1	540897	0	1	1_540897_540898_+
1	540911	0	1	1_540911_540912_+
1	546129	0	1	1_546129_546130_+
1	562049	0	1	1_562049_562050_+
1	564501	0	1	1_564501_564502_+
1	564600	0	2	1_564600_564601_+
1	564895	0	1	1_564895_564896_+
1	565397	0	1	1_565397_565398_+
1	565603	0	1	1_565603_565604_+
1	566739	0	1	1_566739_566740_+
1	566813	0	3	1_566813_566814_+
1	566995	0	1	1_566995_566996_+
1	567014	0	2	1_567014_567015_+
1	567113	1	1	1_567113_567114_+
1	567501	0	2	1_567501_567502_+
1	567563	1	1	1_567563_567564_+
1	567756	0	1	1_567756_567757_+
1	567769	0	2	1_567769_567770_+
1	567776	0	1	1_567776_567777_+
1	567882	0	1	1_567882_567883_+
1	568343	0	1	1_568343_568344_+
1	568400	0	1	1_568400_568401_+
1	568409	0	2	1_568409_568410_+
1	568460	1	4	1_568460_568461_+
1	568469	0	2	1_568469_568470_+
1	568475	0	1	1_568475_568476_+
1	568698	0	4	1_568698_568699_+
1	568715	1	3	1_568715_568716_+
1	569271	1	3	1_569271_569272_+
1	571899	0	1	1_571899_571900_+
1	592317	0	2	1_592317_592318_+
1	604103	0	1	1_604103_604104_+
1	637725	0	1	1_637725_637726_+
1	700490	0	1	1_700490_700491_+
1	700602	0	1	1_700602_700603_+
1	704243	0	1	1_704243_704244_+
1	704315	0	1	1_704315_704316_+
1	705870	0	4	1_705870_705871_+
1	705907	0	1	1_705907_705908_+
1	706301	0	1	1_706301_706302_+
1	707095	0	4	1_707095_707096_+
1	708921	0	2	1_708921_708922_+
1	710099	0	1	1_710099_710100_+
1	710190	0	1	1_710190_710191_+
1	711299	0	2	1_711299_711300_+
1	712545	1	2	1_712545_712546_+
1	712585	0	1	1_712585_712586_+
1	712739	1	2	1_712739_712740_+
1	713252	1	2	1_713252_713253_+
1	713388	0	6	1_713388_713389_+
1	713400	1	3	1_713400_713401_+
1	713901	0	2	1_713901_713902_+
1	714012	0	3	1_714012_714013_+
1	714021	0	4	1_714021_714022_+
1	714049	0	1	1_714049_714050_+
1	714052	0	1	1_714052_714053_+
1	714071	0	1	1_714071_714072_+
1	714076	0	2	1_714076_714077_+
1	714083	0	1	1_714083_714084_+
1	714096	0	4	1_714096_714097_+
1	714137	0	2	1_714137_714138_+
1	714139	0	3	1_714139_714140_+
1	714177	0	1	1_714177_714178_+
1	714213	0	1	1_714213_714214_+
1	714254	0	2	1_714254_714255_+
1	714258	0	2	1_714258_714259_+
1	714261	0	3	1_714261_714262_+
1	714264	0	2	1_714264_714265_+
1	714292	0	1	1_714292_714293_+
1	714300	0	1	1_714300_714301_+
1	714307	0	1	1_714307_714308_+
1	714313	0	2	1_714313_714314_+
1	714317	0	2	1_714317_714318_+
1	714338	0	1	1_714338_714339_+
1	714348	0	1	1_714348_714349_+
1	714526	0	1	1_714526_714527_+
1	714532	0	1	1_714532_714533_+
1	714546	0	1	1_714546_714547_+
1	714565	0	1	1_714565_714566_+
1	714660	0	1	1_714660_714661_+
1	715083	0	1	1_715083_715084_+
1	715110	0	3	1_715110_715111_+
1	715121	0	3	1_715121_715122_+
1	715250	0	3	1_715250_715251_+
1	715277	0	4	1_715277_715278_+
1	715283	0	4	1_715283_715284_+
1	715389	0	2	1_715389_715390_+
1	715391	0	4	1_715391_715392_+
1	715449	0	1	1_715449_715450_+
1	716050	0	2	1_716050_716051_+
1	717601	0	3	1_717601_717602_+
1	718572	0	1	1_718572_718573_+
1	721427	0	1	1_721427_721428_+
1	723701	0	2	1_723701_723702_+
1	723837	0	1	1_723837_723838_+
1	724240	1	6	1_724240_724241_+
1	724246	0	10	1_724246_724247_+
1	724260	0	7	1_724260_724261_+
1	724710	0	3	1_724710_724711_+
1	724806	0	3	1_724806_724807_+
1	725040	0	3	1_725040_725041_+
1	725056	0	2	1_725056_725057_+
1	725346	0	2	1_725346_725347_+
1	725871	1	4	1_725871_725872_+
1	725986	0	2	1_725986_725987_+
1	726570	0	6	1_726570_726571_+
1	726605	0	2	1_726605_726606_+
1	726734	0	6	1_726734_726735_+
1	726904	0	2	1_726904_726905_+
1	727204	0	1	1_727204_727205_+
1	728923	0	1	1_728923_728924_+
1	729888	0	1	1_729888_729889_+
1	731292	0	1	1_731292_731293_+
1	734133	0	2	1_734133_734134_+
1	734327	0	4	1_734327_734328_+
1	736025	0	1	1_736025_736026_+
1	737832	0	1	1_737832_737833_+
1	740743	0	1	1_740743_740744_+
1	742234	0	1	1_742234_742235_+
1	742317	0	1	1_742317_742318_+
1	742348	0	1	1_742348_742349_+
1	747751	0	1	1_747751_747752_+
1	750033	0	1	1_750033_750034_+
1	750082	0	1	1_750082_750083_+
1	752673	1	3	1_752673_752674_+
1	752696	0	1	1_752696_752697_+
1	752747	0	4	1_752747_752748_+
1	753358	0	1	1_753358_753359_+
1	753370	0	1	1_753370_753371_+
1	753376	0	1	1_753376_753377_+
1	753379	0	2	1_753379_753380_+
1	753666	0	3	1_753666_753667_+
1	754108	0	2	1_754108_754109_+
1	754137	1	4	1_754137_754138_+
1	754153	0	4	1_754153_754154_+
1	754739	0	1	1_754739_754740_+
1	754906	0	2	1_754906_754907_+
1	755209	0	3	1_755209_755210_+
1	755523	0	1	1_755523_755524_+
1	755728	0	2	1_755728_755729_+
1	755749	0	3	1_755749_755750_+
1	755798	0	1	1_755798_755799_+
1	756395	0	3	1_756395_756396_+
1	756453	0	6	1_756453_756454_+
1	756518	0	2	1_756518_756519_+
1	756558	0	2	1_756558_756559_+
1	756640	0	1	1_756640_756641_+
1	756885	0	4	1_756885_756886_+
1	757039	0	2	1_757039_757040_+
1	757153	1	3	1_757153_757154_+
1	757199	0	1	1_757199_757200_+
1	757720	0	1	1_757720_757721_+
1	758163	0	4	1_758163_758164_+
1	758243	0	1	1_758243_758244_+
1	758350	1	4	1_758350_758351_+
1	758628	0	2	1_758628_758629_+
1	758829	0	4	1_758829_758830_+
1	758945	0	2	1_758945_758946_+
1	761298	0	1	1_761298_761299_+
1	761370	0	1	1_761370_761371_+
1	762113	0	4	1_762113_762114_+
1	762179	0	2	1_762179_762180_+
1	762232	0	2	1_762232_762233_+
1	762574	0	1	1_762574_762575_+
1	762594	0	1	1_762594_762595_+
1	762596	0	1	1_762596_762597_+
1	762598	0	1	1_762598_762599_+
1	762793	0	2	1_762793_762794_+
1	762806	0	2	1_762806_762807_+
1	762809	0	3	1_762809_762810_+
1	762869	0	1	1_762869_762870_+
1	762882	0	1	1_762882_762883_+
1	762891	0	4	1_762891_762892_+
1	762897	0	3	1_762897_762898_+
1	762915	0	1	1_762915_762916_+
1	762917	0	1	1_762917_762918_+
1	762919	0	1	1_762919_762920_+
1	762926	0	2	1_762926_762927_+
1	762933	0	1	1_762933_762934_+
1	762937	0	1	1_762937_762938_+
1	762966	0	5	1_762966_762967_+
1	762972	0	3	1_762972_762973_+
1	762977	0	1	1_762977_762978_+
1	762982	0	2	1_762982_762983_+
1	762987	0	3	1_762987_762988_+
1	762995	0	1	1_762995_762996_+
1	764411	0	2	1_764411_764412_+
1	764421	0	1	1_764421_764422_+
1	765531	0	1	1_765531_765532_+
1	766285	0	1	1_766285_766286_+
1	766328	1	2	1_766328_766329_+
1	766880	0	2	1_766880_766881_+
1	766946	0	4	1_766946_766947_+
1	767097	0	2	1_767097_767098_+
1	767220	0	4	1_767220_767221_+
1	767253	0	1	1_767253_767254_+
1	767493	0	1	1_767493_767494_+
1	767560	0	1	1_767560_767561_+
1	767605	0	2	1_767605_767606_+
1	768049	0	5	1_768049_768050_+
1	769251	0	1	1_769251_769252_+
1	769271	0	3	1_769271_769272_+
1	769890	0	3	1_769890_769891_+
1	769893	0	4	1_769893_769894_+
1	769950	0	2	1_769950_769951_+
1	770368	0	4	1_770368_770369_+
1	771076	0	2	1_771076_771077_+
1	771897	0	3	1_771897_771898_+
1	772322	1	3	1_772322_772323_+
1	772383	0	1	1_772383_772384_+
1	772957	0	3	1_772957_772958_+
1	776599	0	1	1_776599_776600_+
1	776644	0	2	1_776644_776645_+
1	776977	0	2	1_776977_776978_+
1	777013	0	2	1_777013_777014_+
1	777046	0	1	1_777046_777047_+
1	777241	0	1	1_777241_777242_+
1	777244	0	1	1_777244_777245_+
1	777287	0	4	1_777287_777288_+
1	778111	0	5	1_778111_778112_+
1	778269	0	2	1_778269_778270_+
1	778272	1	2	1_778272_778273_+
1	778288	0	2	1_778288_778289_+
1	778292	0	1	1_778292_778293_+
1	778330	0	1	1_778330_778331_+
1	778443	0	1	1_778443_778444_+
1	778600	0	2	1_778600_778601_+
1	778743	0	3	1_778743_778744_+
1	778871	0	3	1_778871_778872_+
1	779548	0	4	1_779548_779549_+
1	779552	1	5	1_779552_779553_+
1	779582	1	4	1_779582_779583_+
1	780086	0	2	1_780086_780087_+
1	780206	0	1	1_780206_780207_+
1	780325	0	2	1_780325_780326_+
1	780893	0	1	1_780893_780894_+
1	780901	0	1	1_780901_780902_+
1	782169	0	1	1_782169_782170_+
1	782245	1	2	1_782245_782246_+
1	782283	0	1	1_782283_782284_+
1	782862	0	2	1_782862_782863_+
1	783005	0	1	1_783005_783006_+
1	783095	0	2	1_783095_783096_+
1	783128	0	2	1_783128_783129_+
1	783649	0	3	1_783649_783650_+
1	784177	0	3	1_784177_784178_+
1	784411	0	1	1_784411_784412_+
1	785059	0	5	1_785059_785060_+
1	785073	1	3	1_785073_785074_+
1	785223	0	3	1_785223_785224_+
1	785628	0	6	1_785628_785629_+
1	785635	0	3	1_785635_785636_+
1	785802	0	3	1_785802_785803_+
1	787421	0	1	1_787421_787422_+
1	787423	0	1	1_787423_787424_+
1	788365	0	5	1_788365_788366_+
1	788373	1	7	1_788373_788374_+
1	788503	0	2	1_788503_788504_+
1	788531	0	1	1_788531_788532_+
1	788533	0	1	1_788533_788534_+
1	789259	0	1	1_789259_789260_+
1	789359	0	4	1_789359_789360_+
1	789876	0	1	1_789876_789877_+
1	789950	0	2	1_789950_789951_+
1	790025	0	4	1_790025_790026_+
1	790035	0	3	1_790035_790036_+
1	790109	0	3	1_790109_790110_+
1	790463	1	4	1_790463_790464_+
1	790698	0	2	1_790698_790699_+
1	790748	0	1	1_790748_790749_+
1	791054	0	3	1_791054_791055_+
1	791179	0	1	1_791179_791180_+
1	791753	0	1	1_791753_791754_+
1	791869	1	2	1_791869_791870_+
1	792150	0	1	1_792150_792151_+
1	792185	0	3	1_792185_792186_+
1	792654	0	1	1_792654_792655_+
1	792693	0	1	1_792693_792694_+
1	793920	0	1	1_793920_793921_+
1	794230	0	5	1_794230_794231_+
1	795036	0	5	1_795036_795037_+
1	795679	0	2	1_795679_795680_+
1	795725	0	4	1_795725_795726_+
1	796076	0	1	1_796076_796077_+
1	796162	0	1	1_796162_796163_+
1	796203	0	1	1_796203_796204_+
1	796249	0	1	1_796249_796250_+
1	796328	0	4	1_796328_796329_+
1	796361	1	3	1_796361_796362_+
1	797785	0	3	1_797785_797786_+
1	799187	0	1	1_799187_799188_+
1	799419	0	2	1_799419_799420_+
1	799550	0	1	1_799550_799551_+
1	799730	1	3	1_799730_799731_+
1	801122	0	1	1_801122_801123_+
1	801290	0	3	1_801290_801291_+
1	801595	0	5	1_801595_801596_+
1	801616	0	2	1_801616_801617_+
1	801819	0	3	1_801819_801820_+
1	801850	0	4	1_801850_801851_+
1	801868	1	2	1_801868_801869_+
1	801875	0	6	1_801875_801876_+
1	801896	0	2	1_801896_801897_+
1	801916	0	1	1_801916_801917_+
1	802386	0	4	1_802386_802387_+
1	802484	0	2	1_802484_802485_+
1	802523	0	1	1_802523_802524_+
1	802533	0	4	1_802533_802534_+
1	802584	0	3	1_802584_802585_+
1	802819	0	4	1_802819_802820_+
1	802922	0	2	1_802922_802923_+
1	803078	0	1	1_803078_803079_+
1	804432	0	6	1_804432_804433_+
1	804912	0	2	1_804912_804913_+
1	804945	0	5	1_804945_804946_+
1	804992	0	1	1_804992_804993_+
1	804999	0	3	1_804999_805000_+
1	805158	0	3	1_805158_805159_+
1	805199	0	3	1_805199_805200_+
1	805201	0	4	1_805201_805202_+
1	805214	0	2	1_805214_805215_+
1	805228	0	1	1_805228_805229_+
1	805230	0	1	1_805230_805231_+
1	805252	0	1	1_805252_805253_+
1	805273	0	4	1_805273_805274_+
1	805281	0	2	1_805281_805282_+
1	805283	0	2	1_805283_805284_+
1	805289	0	2	1_805289_805290_+
1	805295	0	1	1_805295_805296_+
1	805312	0	1	1_805312_805313_+
1	805314	0	2	1_805314_805315_+
1	805318	0	3	1_805318_805319_+
1	805320	0	2	1_805320_805321_+
1	805327	0	1	1_805327_805328_+
1	805341	0	1	1_805341_805342_+
1	805352	0	1	1_805352_805353_+
1	805377	0	5	1_805377_805378_+
1	805382	0	5	1_805382_805383_+
1	805428	0	2	1_805428_805429_+
1	805434	0	2	1_805434_805435_+
1	805436	0	3	1_805436_805437_+
1	805444	0	4	1_805444_805445_+
1	805449	0	4	1_805449_805450_+
1	805467	0	1	1_805467_805468_+
1	805474	0	8	1_805474_805475_+
1	805477	0	11	1_805477_805478_+
1	805479	0	11	1_805479_805480_+
1	805484	0	9	1_805484_805485_+
1	805500	0	2	1_805500_805501_+
1	805519	0	5	1_805519_805520_+
1	805522	0	3	1_805522_805523_+
1	805538	0	2	1_805538_805539_+
1	805541	0	4	1_805541_805542_+
1	805554	0	3	1_805554_805555_+
1	805573	0	1	1_805573_805574_+
1	805604	0	5	1_805604_805605_+
1	805606	0	5	1_805606_805607_+
1	805616	0	4	1_805616_805617_+
1	805627	0	3	1_805627_805628_+
1	805746	0	6	1_805746_805747_+
1	805786	0	7	1_805786_805787_+
1	805942	0	2	1_805942_805943_+
1	806051	1	2	1_806051_806052_+
1	806120	0	3	1_806120_806121_+
1	806231	0	3	1_806231_806232_+
1	807409	0	2	1_807409_807410_+
1	808562	0	3	1_808562_808563_+
1	808584	0	1	1_808584_808585_+
1	808748	0	3	1_808748_808749_+
1	808946	2	2	1_808946_808947_+
1	809006	0	2	1_809006_809007_+
1	809352	0	1	1_809352_809353_+
1	809450	1	6	1_809450_809451_+
1	809509	0	3	1_809509_809510_+
1	809590	0	1	1_809590_809591_+
1	809594	0	1	1_809594_809595_+
1	809642	0	1	1_809642_809643_+
1	810095	0	1	1_810095_810096_+
1	810603	0	2	1_810603_810604_+
1	811025	0	7	1_811025_811026_+
1	811166	0	1	1_811166_811167_+
1	811279	0	4	1_811279_811280_+
1	811285	0	2	1_811285_811286_+
1	811295	0	1	1_811295_811296_+
1	811348	0	1	1_811348_811349_+
1	811465	0	1	1_811465_811466_+
1	811492	0	1	1_811492_811493_+
1	811502	0	1	1_811502_811503_+
1	811745	0	15	1_811745_811746_+
1	811759	0	6	1_811759_811760_+
1	811775	0	8	1_811775_811776_+
1	812350	0	2	1_812350_812351_+
1	812539	0	2	1_812539_812540_+
1	812640	0	2	1_812640_812641_+
1	813956	0	2	1_813956_813957_+
1	814048	1	1	1_814048_814049_+
1	814887	0	3	1_814887_814888_+
1	814896	0	5	1_814896_814897_+
1	814913	1	4	1_814913_814914_+
1	816074	0	1	1_816074_816075_+
1	817520	0	2	1_817520_817521_+
1	818444	0	3	1_818444_818445_+
1	820609	0	1	1_820609_820610_+
1	820709	0	2	1_820709_820710_+
1	821972	0	1	1_821972_821973_+
1	822360	0	5	1_822360_822361_+
1	822553	0	3	1_822553_822554_+
1	824091	0	2	1_824091_824092_+
1	825735	1	1	1_825735_825736_+
1	825987	0	3	1_825987_825988_+
1	826834	0	3	1_826834_826835_+
1	826988	0	1	1_826988_826989_+
1	827204	0	3	1_827204_827205_+
1	827299	0	1	1_827299_827300_+
1	827468	1	5	1_827468_827469_+
1	828424	0	1	1_828424_828425_+
1	828846	0	5	1_828846_828847_+
1	829386	0	1	1_829386_829387_+
1	829787	0	4	1_829787_829788_+
1	830533	0	1	1_830533_830534_+
1	832261	0	1	1_832261_832262_+
1	832479	0	2	1_832479_832480_+
1	832619	0	1	1_832619_832620_+
1	832830	0	3	1_832830_832831_+
1	833157	0	3	1_833157_833158_+
1	833166	0	2	1_833166_833167_+
1	833196	0	2	1_833196_833197_+
1	833297	0	1	1_833297_833298_+
1	833347	0	3	1_833347_833348_+
1	833514	0	3	1_833514_833515_+
1	833536	0	2	1_833536_833537_+
1	833555	0	2	1_833555_833556_+
1	833565	1	3	1_833565_833566_+
1	833572	0	3	1_833572_833573_+
1	833593	0	3	1_833593_833594_+
1	833786	0	5	1_833786_833787_+
1	833806	0	2	1_833806_833807_+
1	833868	0	3	1_833868_833869_+
1	833896	0	2	1_833896_833897_+
1	833906	0	1	1_833906_833907_+
1	833923	0	6	1_833923_833924_+
1	834183	0	4	1_834183_834184_+
